1.160566e-01 9.528877e-01 1.661033e-01 9.738562e-01 1 1 
1.306459e-01 9.422441e-01 1.520066e-01 9.760751e-01 1 1 
1.070657e-01 9.514122e-01 1.897580e-01 9.726801e-01 1 1 
1.248539e-01 9.476410e-01 2.058351e-01 9.720160e-01 1 1 
1.514179e-01 9.412003e-01 1.563903e-01 9.677787e-01 1 1 
1.682692e-01 9.309934e-01 1.609637e-01 9.683385e-01 1 1 
1.318834e-01 9.417828e-01 1.732124e-01 9.731407e-01 1 1 
1.353717e-01 9.401211e-01 1.815249e-01 9.692816e-01 1 1 
1.420659e-01 9.417771e-01 1.506245e-01 9.716394e-01 1 1 
1.561040e-01 9.377927e-01 1.563284e-01 9.663758e-01 1 1 
1.232409e-01 9.482283e-01 1.840622e-01 9.705987e-01 1 1 
1.548545e-01 9.350880e-01 1.543495e-01 9.668651e-01 1 1 
1.388741e-01 9.394999e-01 1.596035e-01 9.726001e-01 1 1 
1.831809e-01 9.271264e-01 1.781020e-01 9.560999e-01 1 1 
1.339694e-01 9.414643e-01 1.674172e-01 9.693543e-01 1 1 
1.326177e-01 9.464560e-01 1.950771e-01 9.669796e-01 1 1 
1.439329e-01 9.385360e-01 1.569423e-01 9.691493e-01 1 1 
1.423623e-01 9.339309e-01 1.748948e-01 9.693218e-01 1 1 
1.843123e-01 9.202763e-01 1.581747e-01 9.590494e-01 1 1 
1.423403e-01 9.400360e-01 1.591660e-01 9.688060e-01 1 1 
1.366414e-01 9.471526e-01 1.779428e-01 9.698032e-01 1 1 
1.314677e-01 9.443882e-01 1.827891e-01 9.721809e-01 1 1 
1.622531e-01 9.310838e-01 1.552473e-01 9.640553e-01 1 1 
1.167520e-01 9.464958e-01 1.764424e-01 9.764347e-01 1 1 
1.266947e-01 9.454752e-01 1.715056e-01 9.712142e-01 1 1 
1.604945e-01 9.401753e-01 1.461759e-01 9.768108e-01 1 1 
1.105622e-01 9.581972e-01 2.573319e-01 9.707339e-01 1 1 
1.417471e-01 9.384942e-01 1.727057e-01 9.666011e-01 1 1 
1.151999e-01 9.524338e-01 1.863133e-01 9.774656e-01 1 1 
1.259054e-01 9.463112e-01 1.734385e-01 9.715243e-01 1 1 
1.035171e-01 9.683438e-01 1.833219e-01 9.832414e-01 2 1 
1.097118e-01 9.637720e-01 1.598145e-01 9.849548e-01 2 1 
9.810786e-02 9.661232e-01 1.576957e-01 9.865949e-01 2 1 
1.261857e-01 9.612568e-01 1.699281e-01 9.815628e-01 2 1 
1.151558e-01 9.649832e-01 1.707550e-01 9.827043e-01 2 1 
1.348786e-01 9.640098e-01 1.863713e-01 9.834115e-01 2 1 
1.349214e-01 9.652591e-01 2.432310e-01 9.792144e-01 2 1 
1.105024e-01 9.640568e-01 1.617698e-01 9.833791e-01 2 1 
1.284153e-01 9.698347e-01 2.149346e-01 9.850036e-01 2 1 
1.184062e-01 9.637702e-01 1.540736e-01 9.855422e-01 2 1 
1.150677e-01 9.667869e-01 1.752994e-01 9.858031e-01 2 1 
1.260317e-01 9.652580e-01 1.785164e-01 9.828634e-01 2 1 
1.127597e-01 9.627785e-01 1.639457e-01 9.838164e-01 2 1 
1.141983e-01 9.682371e-01 1.812882e-01 9.835335e-01 2 1 
9.065417e-02 9.663238e-01 1.618856e-01 9.864706e-01 2 1 
1.218918e-01 9.646328e-01 1.618315e-01 9.832462e-01 2 1 
1.061772e-01 9.658294e-01 1.507691e-01 9.870220e-01 2 1 
1.223823e-01 9.689736e-01 1.838764e-01 9.846065e-01 2 1 
1.238008e-01 9.668274e-01 1.760023e-01 9.817978e-01 2 1 
1.314840e-01 9.606623e-01 1.652939e-01 9.800855e-01 2 1 
1.289539e-01 9.681809e-01 1.952367e-01 9.841681e-01 2 1 
1.103091e-01 9.637520e-01 1.663644e-01 9.852088e-01 2 1 
1.027137e-01 9.661748e-01 1.729045e-01 9.858593e-01 2 1 
1.443372e-01 9.636066e-01 1.820491e-01 9.816433e-01 2 1 
1.046563e-01 9.664491e-01 1.822748e-01 9.839198e-01 2 1 
1.325191e-01 9.602449e-01 1.834814e-01 9.797381e-01 2 1 
1.444250e-01 9.648399e-01 1.951563e-01 9.815883e-01 2 1 
9.366565e-02 9.644784e-01 1.690561e-01 9.857156e-01 2 1 
1.158469e-01 9.682523e-01 1.654909e-01 9.841756e-01 2 1 
1.215875e-01 9.646375e-01 1.961970e-01 9.815690e-01 2 1 
1.165330e-01 9.557944e-01 1.817907e-01 9.698012e-01 3 1 
1.075518e-01 9.548127e-01 1.736896e-01 9.729486e-01 3 1 
1.278090e-01 9.494988e-01 1.739592e-01 9.667492e-01 3 1 
1.126419e-01 9.571715e-01 1.788652e-01 9.772902e-01 3 1 
1.467384e-01 9.490403e-01 1.624641e-01 9.712042e-01 3 1 
1.681609e-01 9.384679e-01 1.779016e-01 9.603463e-01 3 1 
1.140376e-01 9.538504e-01 1.614439e-01 9.786240e-01 3 1 
1.291352e-01 9.467973e-01 1.649572e-01 9.723920e-01 3 1 
1.299286e-01 9.487092e-01 1.589176e-01 9.736338e-01 3 1 
1.346449e-01 9.529945e-01 1.882134e-01 9.698596e-01 3 1 
1.319982e-01 9.478012e-01 1.516110e-01 9.751931e-01 3 1 
1.139416e-01 9.490833e-01 1.672755e-01 9.729960e-01 3 1 
1.152887e-01 9.507287e-01 1.720202e-01 9.740068e-01 3 1 
1.340979e-01 9.443322e-01 1.741661e-01 9.715436e-01 3 1 
1.285649e-01 9.523646e-01 1.632286e-01 9.722755e-01 3 1 
1.320314e-01 9.485300e-01 1.623639e-01 9.719775e-01 3 1 
1.508651e-01 9.454355e-01 1.638703e-01 9.666970e-01 3 1 
1.360895e-01 9.429018e-01 1.703761e-01 9.671005e-01 3 1 
1.063537e-01 9.527783e-01 1.747451e-01 9.738673e-01 3 1 
1.396130e-01 9.458238e-01 1.542809e-01 9.735763e-01 3 1 
1.293137e-01 9.486644e-01 1.617044e-01 9.726224e-01 3 1 
1.072732e-01 9.511263e-01 1.793341e-01 9.731993e-01 3 1 
9.645975e-02 9.540063e-01 1.681590e-01 9.767532e-01 3 1 
1.290305e-01 9.438305e-01 1.586793e-01 9.729655e-01 3 1 
1.284671e-01 9.481793e-01 1.690062e-01 9.699159e-01 3 1 
1.411668e-01 9.457526e-01 1.780287e-01 9.659852e-01 3 1 
1.109971e-01 9.492174e-01 1.778885e-01 9.704660e-01 3 1 
1.119863e-01 9.494887e-01 1.850304e-01 9.666809e-01 3 1 
1.086047e-01 9.520515e-01 1.577101e-01 9.775774e-01 3 1 
1.193892e-01 9.541591e-01 1.626356e-01 9.784138e-01 3 1 
9.895063e-02 9.571940e-01 2.169766e-01 9.663151e-01 4 1 
8.667673e-02 9.596989e-01 2.425050e-01 9.725891e-01 4 1 
1.353278e-01 9.443267e-01 2.169110e-01 9.539933e-01 4 1 
9.900651e-02 9.565853e-01 2.156698e-01 9.710572e-01 4 1 
1.560429e-01 9.440719e-01 2.536138e-01 9.482030e-01 4 1 
1.397651e-01 9.467058e-01 1.808172e-01 9.592776e-01 4 1 
1.206082e-01 9.428877e-01 1.783239e-01 9.705305e-01 4 1 
1.339931e-01 9.423671e-01 1.908259e-01 9.655720e-01 4 1 
1.046963e-01 9.535297e-01 1.719779e-01 9.757940e-01 4 1 
1.481760e-01 9.457870e-01 1.891613e-01 9.574634e-01 4 1 
1.298517e-01 9.479010e-01 1.896074e-01 9.624676e-01 4 1 
1.312168e-01 9.444666e-01 2.235054e-01 9.560018e-01 4 1 
1.266272e-01 9.439988e-01 1.706897e-01 9.698646e-01 4 1 
1.085084e-01 9.535971e-01 1.973047e-01 9.687044e-01 4 1 
1.214094e-01 9.507243e-01 1.828997e-01 9.687330e-01 4 1 
1.308043e-01 9.489730e-01 1.988146e-01 9.537918e-01 4 1 
1.440115e-01 9.395060e-01 1.688412e-01 9.663594e-01 4 1 
1.259931e-01 9.446701e-01 1.873874e-01 9.659621e-01 4 1 
1.669977e-01 9.316889e-01 1.511646e-01 9.643183e-01 4 1 
1.642713e-01 9.412243e-01 1.647985e-01 9.586234e-01 4 1 
1.233195e-01 9.481202e-01 1.864753e-01 9.671916e-01 4 1 
1.269062e-01 9.450570e-01 1.753762e-01 9.705942e-01 4 1 
1.014857e-01 9.564352e-01 2.156012e-01 9.726508e-01 4 1 
1.307793e-01 9.457642e-01 2.104325e-01 9.544090e-01 4 1 
1.300158e-01 9.448595e-01 1.741428e-01 9.662289e-01 4 1 
1.384733e-01 9.482747e-01 1.866288e-01 9.584252e-01 4 1 
1.302067e-01 9.457384e-01 2.086412e-01 9.541540e-01 4 1 
1.112975e-01 9.520724e-01 2.081536e-01 9.587176e-01 4 1 
1.063546e-01 9.517851e-01 1.869504e-01 9.721171e-01 4 1 
1.228755e-01 9.520675e-01 1.805267e-01 9.670692e-01 4 1 
1.262999e-01 9.475851e-01 1.450953e-01 9.807894e-01 5 1 
1.155957e-01 9.538391e-01 1.591141e-01 9.811703e-01 5 1 
1.606310e-01 9.475607e-01 1.619587e-01 9.750842e-01 5 1 
1.278868e-01 9.478912e-01 1.884499e-01 9.646581e-01 5 1 
1.143439e-01 9.517427e-01 1.604978e-01 9.804638e-01 5 1 
1.692898e-01 9.476596e-01 1.773164e-01 9.733676e-01 5 1 
1.838075e-01 9.421442e-01 1.555262e-01 9.692537e-01 5 1 
1.667536e-01 9.404164e-01 1.504722e-01 9.693524e-01 5 1 
1.693689e-01 9.415732e-01 1.694822e-01 9.754955e-01 5 1 
1.188234e-01 9.516475e-01 1.615294e-01 9.765071e-01 5 1 
1.541998e-01 9.409828e-01 1.597602e-01 9.712196e-01 5 1 
1.308373e-01 9.543936e-01 1.728107e-01 9.782190e-01 5 1 
1.254663e-01 9.559386e-01 1.769347e-01 9.748837e-01 5 1 
1.456058e-01 9.480441e-01 1.691237e-01 9.745994e-01 5 1 
1.377576e-01 9.553981e-01 1.559278e-01 9.821900e-01 5 1 
1.311918e-01 9.555753e-01 1.646910e-01 9.789242e-01 5 1 
1.458770e-01 9.418856e-01 1.493961e-01 9.766499e-01 5 1 
1.452535e-01 9.537579e-01 1.764339e-01 9.804680e-01 5 1 
1.491606e-01 9.528242e-01 2.010729e-01 9.754066e-01 5 1 
1.313349e-01 9.571940e-01 1.863694e-01 9.793672e-01 5 1 
1.334440e-01 9.470823e-01 1.579635e-01 9.778863e-01 5 1 
1.746103e-01 9.442036e-01 1.616867e-01 9.724446e-01 5 1 
1.665318e-01 9.437284e-01 1.657527e-01 9.684646e-01 5 1 
1.173052e-01 9.608708e-01 1.386500e-01 9.845973e-01 5 1 
1.228781e-01 9.611181e-01 2.130594e-01 9.797863e-01 5 1 
1.387018e-01 9.562880e-01 1.935696e-01 9.815852e-01 5 1 
1.754824e-01 9.406743e-01 1.638825e-01 9.759877e-01 5 1 
1.544519e-01 9.441808e-01 1.630986e-01 9.769296e-01 5 1 
1.671938e-01 9.467336e-01 1.769113e-01 9.679267e-01 5 1 
1.489274e-01 9.525894e-01 1.731916e-01 9.774606e-01 5 1 
