7.180078e+01 6.603505e+01 7.847354e+01 6.918262e+01 0 1 
7.840014e+01 7.499728e+01 8.961150e+01 7.766198e+01 0 1 
6.265894e+01 5.812825e+01 7.003234e+01 6.083208e+01 0 1 
6.107312e+01 5.490176e+01 6.612352e+01 5.801955e+01 0 1 
7.168458e+01 6.818311e+01 8.330636e+01 7.094556e+01 0 1 
8.514722e+01 7.717301e+01 9.111717e+01 8.117054e+01 0 1 
6.739006e+01 6.116371e+01 7.309136e+01 6.439215e+01 0 1 
6.616260e+01 5.771913e+01 6.842662e+01 6.147845e+01 0 1 
7.383011e+01 7.141777e+01 8.777844e+01 7.399692e+01 0 1 
7.498811e+01 6.876051e+01 8.331361e+01 7.228566e+01 0 1 
6.607716e+01 5.747789e+01 6.825083e+01 6.129191e+01 0 1 
7.984548e+01 6.641406e+01 8.050846e+01 7.204463e+01 0 1 
6.992257e+01 6.559017e+01 7.844456e+01 6.834288e+01 0 1 
6.354251e+01 5.824523e+01 6.906922e+01 6.105735e+01 0 1 
7.702631e+01 6.104266e+01 7.385662e+01 6.729044e+01 0 1 
6.971649e+01 5.306515e+01 6.312118e+01 5.919078e+01 0 1 
7.244955e+01 6.607422e+01 8.008361e+01 6.958560e+01 0 1 
6.417975e+01 6.049269e+01 7.347663e+01 6.305896e+01 0 1 
6.833270e+01 6.301424e+01 7.500932e+01 6.597166e+01 0 1 
7.127747e+01 6.665556e+01 8.154641e+01 6.972854e+01 0 1 
7.232059e+01 5.879848e+01 7.067408e+01 6.420564e+01 0 1 
7.378430e+01 5.573847e+01 6.644395e+01 6.235634e+01 0 1 
8.150276e+01 6.736980e+01 8.176572e+01 7.323507e+01 0 1 
7.387042e+01 5.908166e+01 6.997834e+01 6.475385e+01 0 1 
6.866972e+01 6.402970e+01 7.605918e+01 6.678901e+01 0 1 
8.811706e+01 8.539738e+01 1.025735e+02 8.816859e+01 0 1 
5.281416e+01 4.778003e+01 5.553690e+01 5.014712e+01 0 1 
6.712274e+01 5.929203e+01 7.112674e+01 6.299696e+01 0 1 
7.386448e+01 5.929848e+01 7.019711e+01 6.491074e+01 0 1 
6.641382e+01 6.334410e+01 7.677262e+01 6.576512e+01 0 1 
1.037061e+02 9.235029e+01 1.119858e+02 9.799955e+01 6 1 
1.106054e+02 9.359497e+01 1.143985e+02 1.010653e+02 6 1 
1.052572e+02 9.467635e+01 1.141495e+02 1.000787e+02 6 1 
1.045240e+02 9.584866e+01 1.160872e+02 1.007547e+02 6 1 
1.085504e+02 8.904601e+01 1.098972e+02 9.726445e+01 6 1 
1.219477e+02 1.056751e+02 1.273683e+02 1.130153e+02 6 1 
1.136911e+02 1.013024e+02 1.221032e+02 1.073944e+02 6 1 
1.013654e+02 8.819174e+01 1.081299e+02 9.442021e+01 6 1 
1.240675e+02 1.114587e+02 1.355236e+02 1.179917e+02 6 1 
1.111247e+02 1.017537e+02 1.206297e+02 1.067222e+02 6 1 
1.200437e+02 1.037793e+02 1.256027e+02 1.111311e+02 6 1 
1.139897e+02 1.007842e+02 1.209197e+02 1.070464e+02 6 1 
1.069275e+02 9.441448e+01 1.148393e+02 1.005001e+02 6 1 
1.092085e+02 9.691768e+01 1.178419e+02 1.029876e+02 6 1 
1.051350e+02 8.780728e+01 1.065427e+02 9.512335e+01 6 1 
1.094720e+02 9.449079e+01 1.145880e+02 1.012650e+02 6 1 
1.121313e+02 9.834601e+01 1.185866e+02 1.047983e+02 6 1 
1.188119e+02 1.072106e+02 1.292874e+02 1.132176e+02 6 1 
1.166901e+02 8.928973e+01 1.099162e+02 9.985478e+01 6 1 
1.048627e+02 9.100602e+01 1.102508e+02 9.734994e+01 6 1 
1.196012e+02 1.073221e+02 1.282758e+02 1.133981e+02 6 1 
1.118269e+02 9.813308e+01 1.183790e+02 1.045540e+02 6 1 
1.058267e+02 9.713616e+01 1.178912e+02 1.021301e+02 6 1 
1.261107e+02 1.010606e+02 1.226915e+02 1.110235e+02 6 1 
1.055371e+02 9.523878e+01 1.144834e+02 1.005286e+02 6 1 
1.075485e+02 9.696857e+01 1.145873e+02 1.021619e+02 6 1 
1.201890e+02 1.048840e+02 1.265233e+02 1.119392e+02 6 1 
1.019783e+02 8.801812e+01 1.071674e+02 9.439662e+01 6 1 
1.104664e+02 9.588927e+01 1.165523e+02 1.026056e+02 6 1 
1.126167e+02 9.805285e+01 1.191140e+02 1.048150e+02 6 1 
7.588324e+01 5.984848e+01 7.163652e+01 6.597676e+01 12 1 
8.063294e+01 6.340401e+01 7.774812e+01 7.018308e+01 12 1 
7.474259e+01 6.362258e+01 7.661391e+01 6.843346e+01 12 1 
9.574180e+01 7.446296e+01 9.179844e+01 8.279763e+01 12 1 
9.119871e+01 7.407313e+01 8.908584e+01 8.091263e+01 12 1 
8.784164e+01 7.096653e+01 8.419393e+01 7.753052e+01 12 1 
9.749010e+01 7.553254e+01 9.135446e+01 8.389964e+01 12 1 
8.038546e+01 6.483723e+01 7.751871e+01 7.093169e+01 12 1 
8.561044e+01 7.378856e+01 8.756728e+01 7.889978e+01 12 1 
9.220870e+01 6.868001e+01 8.497322e+01 7.756775e+01 12 1 
9.138496e+01 7.393350e+01 8.765017e+01 8.071030e+01 12 1 
8.353388e+01 6.643399e+01 8.185881e+01 7.331310e+01 12 1 
7.833622e+01 6.248328e+01 7.487720e+01 6.862494e+01 12 1 
7.314115e+01 6.191712e+01 7.278089e+01 6.652171e+01 12 1 
8.668836e+01 6.884991e+01 8.404842e+01 7.591184e+01 12 1 
8.596442e+01 7.295645e+01 8.767240e+01 7.851581e+01 12 1 
7.514855e+01 6.332041e+01 7.493297e+01 6.818137e+01 12 1 
7.741616e+01 6.212174e+01 7.477733e+01 6.814028e+01 12 1 
7.998338e+01 6.262271e+01 7.724228e+01 6.948162e+01 12 1 
8.849730e+01 7.737075e+01 9.207075e+01 8.237768e+01 12 1 
8.421414e+01 7.332213e+01 8.694875e+01 7.814191e+01 12 1 
7.745291e+01 6.215322e+01 7.676157e+01 6.840317e+01 12 1 
7.870800e+01 6.511990e+01 7.782377e+01 7.061847e+01 12 1 
7.764762e+01 6.529544e+01 7.708763e+01 7.031807e+01 12 1 
7.906191e+01 6.501856e+01 7.846474e+01 7.075528e+01 12 1 
8.098490e+01 6.539044e+01 7.797252e+01 7.147746e+01 12 1 
7.125172e+01 6.003511e+01 7.292611e+01 6.486593e+01 12 1 
7.054720e+01 5.853177e+01 6.880796e+01 6.328046e+01 12 1 
8.387093e+01 6.999707e+01 8.559939e+01 7.593003e+01 12 1 
9.086872e+01 8.267314e+01 1.014852e+02 8.728354e+01 12 1 
6.795705e+01 5.140599e+01 6.198487e+01 5.754745e+01 18 1 
5.965036e+01 4.566715e+01 5.453552e+01 5.084919e+01 18 1 
5.642386e+01 4.836591e+01 5.780463e+01 5.186305e+01 18 1 
6.103821e+01 5.060985e+01 6.014073e+01 5.481232e+01 18 1 
5.724626e+01 4.778184e+01 5.638683e+01 5.159094e+01 18 1 
7.222674e+01 5.833679e+01 7.024427e+01 6.384645e+01 18 1 
6.659891e+01 5.940592e+01 7.078719e+01 6.286865e+01 18 1 
6.344544e+01 5.455069e+01 6.553842e+01 5.846148e+01 18 1 
8.164675e+01 6.337383e+01 7.730703e+01 7.042875e+01 18 1 
6.992923e+01 5.613778e+01 6.709839e+01 6.149401e+01 18 1 
7.323250e+01 5.868882e+01 7.111769e+01 6.444415e+01 18 1 
5.948845e+01 4.816674e+01 5.819347e+01 5.268082e+01 18 1 
7.114691e+01 6.053843e+01 7.238100e+01 6.506582e+01 18 1 
6.582927e+01 5.234005e+01 6.364049e+01 5.767314e+01 18 1 
7.021837e+01 5.810969e+01 6.962721e+01 6.303923e+01 18 1 
7.011159e+01 5.455263e+01 6.628195e+01 6.054148e+01 18 1 
7.338772e+01 6.017952e+01 7.205027e+01 6.548501e+01 18 1 
6.846286e+01 5.500495e+01 6.658041e+01 6.034328e+01 18 1 
7.645276e+01 6.614029e+01 7.903602e+01 7.070619e+01 18 1 
7.760849e+01 6.439169e+01 7.775489e+01 6.987740e+01 18 1 
7.141766e+01 5.586418e+01 6.678827e+01 6.175794e+01 18 1 
7.270748e+01 5.843985e+01 7.018271e+01 6.404449e+01 18 1 
6.952865e+01 4.820078e+01 5.706480e+01 5.560715e+01 18 1 
6.367269e+01 5.137958e+01 6.172101e+01 5.622671e+01 18 1 
7.130956e+01 6.020677e+01 7.214303e+01 6.488645e+01 18 1 
7.511313e+01 5.699744e+01 6.921938e+01 6.379883e+01 18 1 
6.217108e+01 4.958835e+01 6.018045e+01 5.454532e+01 18 1 
6.808324e+01 5.153101e+01 6.267349e+01 5.775813e+01 18 1 
7.731865e+01 5.664856e+01 6.805167e+01 6.412016e+01 18 1 
7.694036e+01 5.792409e+01 7.043542e+01 6.503476e+01 18 1 
1.058258e+02 7.932993e+01 9.034041e+01 8.851839e+01 24 1 
1.009366e+02 8.318514e+01 9.917057e+01 9.032168e+01 24 1 
1.112104e+02 8.942203e+01 1.061088e+02 9.784879e+01 24 1 
7.702728e+01 5.637323e+01 6.706743e+01 6.377316e+01 24 1 
9.689719e+01 7.585955e+01 8.963853e+01 8.371939e+01 24 1 
1.157788e+02 9.205623e+01 1.086791e+02 1.010672e+02 24 1 
1.018811e+02 8.389178e+01 9.793786e+01 9.087258e+01 24 1 
9.045164e+01 7.412529e+01 8.636229e+01 8.040556e+01 24 1 
1.091662e+02 9.347137e+01 1.085111e+02 9.987404e+01 24 1 
9.578269e+01 7.048703e+01 8.405598e+01 7.960037e+01 24 1 
9.976374e+01 7.505442e+01 9.010269e+01 8.416881e+01 24 1 
1.083529e+02 8.742824e+01 1.041004e+02 9.559198e+01 24 1 
1.040683e+02 7.181407e+01 8.583391e+01 8.306329e+01 24 1 
1.046127e+02 7.820177e+01 9.281324e+01 8.777051e+01 24 1 
1.189844e+02 9.667249e+01 1.128961e+02 1.051794e+02 24 1 
1.125173e+02 8.435781e+01 9.971745e+01 9.454465e+01 24 1 
1.033682e+02 8.414790e+01 9.861912e+01 9.153160e+01 24 1 
1.235897e+02 9.861045e+01 1.149042e+02 1.079429e+02 24 1 
1.152931e+02 9.336910e+01 1.092910e+02 1.017415e+02 24 1 
1.157412e+02 9.019830e+01 1.065649e+02 9.969925e+01 24 1 
1.064239e+02 8.167232e+01 9.608149e+01 9.072704e+01 24 1 
1.131671e+02 8.837174e+01 1.034562e+02 9.750304e+01 24 1 
9.915067e+01 7.936193e+01 9.312533e+01 8.684682e+01 24 1 
1.155379e+02 8.168249e+01 9.505786e+01 9.333540e+01 24 1 
1.171856e+02 8.812964e+01 1.051308e+02 9.874878e+01 24 1 
1.223486e+02 1.033486e+02 1.192144e+02 1.108191e+02 24 1 
1.163365e+02 9.938620e+01 1.151110e+02 1.062413e+02 24 1 
1.114156e+02 9.097345e+01 1.063820e+02 9.884134e+01 24 1 
1.053442e+02 7.974596e+01 9.533542e+01 8.918178e+01 24 1 
1.164003e+02 8.837057e+01 1.036232e+02 9.849428e+01 24 1 
