3.059693e-02 1 2 
3.221915e-02 1 2 
3.401288e-02 1 2 
3.163132e-02 1 2 
3.283853e-02 1 2 
3.064559e-02 1 2 
3.307986e-02 1 2 
3.221022e-02 1 2 
3.053440e-02 1 2 
3.136826e-02 1 2 
3.343061e-02 1 2 
3.046592e-02 1 2 
2.925995e-02 1 2 
2.859879e-02 1 2 
2.919667e-02 1 2 
3.099352e-02 1 2 
3.270761e-02 1 2 
3.057666e-02 1 2 
3.079046e-02 1 2 
3.113599e-02 1 2 
3.001075e-02 1 2 
3.223557e-02 1 2 
2.826248e-02 1 2 
3.037576e-02 1 2 
3.032545e-02 1 2 
3.019027e-02 1 2 
3.305552e-02 1 2 
3.194143e-02 1 2 
3.210912e-02 1 2 
3.305762e-02 1 2 
3.495194e-02 2 2 
4.353728e-02 2 2 
3.800374e-02 2 2 
3.819590e-02 2 2 
4.315290e-02 2 2 
3.788621e-02 2 2 
4.382032e-02 2 2 
3.731496e-02 2 2 
3.624565e-02 2 2 
3.753497e-02 2 2 
4.295094e-02 2 2 
4.711135e-02 2 2 
4.028009e-02 2 2 
3.954522e-02 2 2 
3.914277e-02 2 2 
3.861494e-02 2 2 
4.515887e-02 2 2 
4.232391e-02 2 2 
3.502112e-02 2 2 
3.504920e-02 2 2 
4.189023e-02 2 2 
3.292444e-02 2 2 
3.914759e-02 2 2 
4.497729e-02 2 2 
3.429126e-02 2 2 
4.126044e-02 2 2 
4.265601e-02 2 2 
4.238585e-02 2 2 
3.585049e-02 2 2 
3.308293e-02 2 2 
3.185303e-02 3 2 
3.023960e-02 3 2 
3.363346e-02 3 2 
3.143544e-02 3 2 
3.118174e-02 3 2 
3.216543e-02 3 2 
3.107961e-02 3 2 
3.358278e-02 3 2 
3.059357e-02 3 2 
3.096110e-02 3 2 
3.177573e-02 3 2 
3.175321e-02 3 2 
3.227552e-02 3 2 
3.058146e-02 3 2 
3.111393e-02 3 2 
3.222683e-02 3 2 
3.273727e-02 3 2 
3.217787e-02 3 2 
2.966568e-02 3 2 
3.125744e-02 3 2 
3.227352e-02 3 2 
3.097812e-02 3 2 
3.173204e-02 3 2 
3.051626e-02 3 2 
3.122651e-02 3 2 
3.281586e-02 3 2 
3.288568e-02 3 2 
3.727162e-02 3 2 
3.229459e-02 3 2 
3.370706e-02 3 2 
3.420414e-02 4 2 
3.448718e-02 4 2 
3.390681e-02 4 2 
3.301336e-02 4 2 
3.509136e-02 4 2 
3.712974e-02 4 2 
3.565150e-02 4 2 
3.437727e-02 4 2 
3.492875e-02 4 2 
3.251864e-02 4 2 
3.193986e-02 4 2 
3.491501e-02 4 2 
3.590560e-02 4 2 
3.958638e-02 4 2 
3.400183e-02 4 2 
3.355081e-02 4 2 
3.755390e-02 4 2 
3.870670e-02 4 2 
3.896124e-02 4 2 
4.085162e-02 4 2 
3.748248e-02 4 2 
3.870226e-02 4 2 
4.321130e-02 4 2 
3.878330e-02 4 2 
3.491551e-02 4 2 
3.323657e-02 4 2 
3.247606e-02 4 2 
3.458263e-02 4 2 
3.620680e-02 4 2 
3.581884e-02 4 2 
3.528546e-02 5 2 
3.366302e-02 5 2 
3.541552e-02 5 2 
3.182781e-02 5 2 
3.174342e-02 5 2 
3.118558e-02 5 2 
3.331192e-02 5 2 
3.305275e-02 5 2 
3.285662e-02 5 2 
3.075474e-02 5 2 
3.082002e-02 5 2 
3.131317e-02 5 2 
3.322355e-02 5 2 
3.467100e-02 5 2 
3.370092e-02 5 2 
3.442779e-02 5 2 
3.459515e-02 5 2 
3.264002e-02 5 2 
3.293390e-02 5 2 
3.190549e-02 5 2 
3.241602e-02 5 2 
3.444609e-02 5 2 
3.367023e-02 5 2 
3.243669e-02 5 2 
3.293584e-02 5 2 
3.326774e-02 5 2 
3.172607e-02 5 2 
3.174623e-02 5 2 
3.717213e-02 5 2 
3.212380e-02 5 2 
