1.217172e+02 8.356482e+01 9.892632e+01 9.672862e+01 0 2 
1.312606e+02 8.164756e+01 1.000375e+02 9.859177e+01 0 2 
1.362274e+02 1.009073e+02 1.177968e+02 1.134115e+02 0 2 
1.294462e+02 8.484982e+01 1.014080e+02 1.000894e+02 0 2 
1.193807e+02 8.153025e+01 9.815010e+01 9.475378e+01 0 2 
1.358298e+02 8.281976e+01 9.669902e+01 1.002660e+02 0 2 
1.335988e+02 9.550349e+01 1.098062e+02 1.085372e+02 0 2 
1.333150e+02 9.500393e+01 1.098301e+02 1.081555e+02 0 2 
1.210220e+02 8.420843e+01 1.022246e+02 9.728116e+01 0 2 
1.310688e+02 9.577745e+01 1.144128e+02 1.084692e+02 0 2 
1.472032e+02 1.063706e+02 1.122765e+02 1.192639e+02 0 2 
1.209121e+02 8.237904e+01 9.798148e+01 9.568378e+01 0 2 
1.273488e+02 8.531360e+01 1.032843e+02 9.993809e+01 0 2 
1.129665e+02 7.034044e+01 8.485690e+01 8.475335e+01 0 2 
1.139792e+02 6.299663e+01 7.572687e+01 7.970195e+01 0 2 
1.432025e+02 9.657761e+01 1.017702e+02 1.111237e+02 0 2 
1.224821e+02 9.446793e+01 1.165379e+02 1.053558e+02 0 2 
1.374497e+02 9.257134e+01 1.126753e+02 1.082937e+02 0 2 
1.472556e+02 1.054417e+02 1.202886e+02 1.196487e+02 0 2 
1.498019e+02 1.045237e+02 1.225131e+02 1.201259e+02 0 2 
1.193152e+02 6.538657e+01 7.966625e+01 8.315010e+01 0 2 
1.460988e+02 9.645655e+01 1.121567e+02 1.130935e+02 0 2 
1.311220e+02 8.323642e+01 9.755017e+01 9.920928e+01 0 2 
1.332804e+02 8.825613e+01 1.043112e+02 1.035624e+02 0 2 
1.197517e+02 7.534102e+01 9.154376e+01 9.047233e+01 0 2 
1.177618e+02 6.844570e+01 8.298695e+01 8.486816e+01 0 2 
1.395891e+02 1.007059e+02 1.121747e+02 1.136467e+02 0 2 
1.401507e+02 9.590069e+01 1.065843e+02 1.103648e+02 0 2 
1.412125e+02 9.662968e+01 1.112180e+02 1.116307e+02 0 2 
1.357403e+02 9.901167e+01 1.209024e+02 1.124943e+02 0 2 
1.329881e+02 1.113316e+02 1.229514e+02 1.191269e+02 6 2 
1.467528e+02 1.224968e+02 1.309418e+02 1.306984e+02 6 2 
1.468763e+02 1.184682e+02 1.165540e+02 1.267577e+02 6 2 
1.416820e+02 1.146468e+02 1.181094e+02 1.231468e+02 6 2 
1.516614e+02 1.253683e+02 1.298011e+02 1.337306e+02 6 2 
1.489356e+02 1.188495e+02 1.084980e+02 1.266681e+02 6 2 
1.577222e+02 1.324003e+02 1.308837e+02 1.397925e+02 6 2 
1.420619e+02 1.140598e+02 1.245271e+02 1.236343e+02 6 2 
1.392378e+02 1.129640e+02 1.238557e+02 1.220783e+02 6 2 
1.445314e+02 1.149397e+02 1.156064e+02 1.238610e+02 6 2 
1.434113e+02 1.200819e+02 1.213323e+02 1.272308e+02 6 2 
1.542300e+02 1.294080e+02 1.259206e+02 1.364369e+02 6 2 
1.449438e+02 1.192325e+02 1.294584e+02 1.281047e+02 6 2 
1.446962e+02 1.199889e+02 1.247575e+02 1.279415e+02 6 2 
1.396265e+02 1.147896e+02 1.284876e+02 1.238051e+02 6 2 
1.441745e+02 1.220990e+02 1.328150e+02 1.299572e+02 6 2 
1.429707e+02 1.220654e+02 1.266412e+02 1.288572e+02 6 2 
1.398266e+02 1.163717e+02 1.266841e+02 1.245892e+02 6 2 
1.334877e+02 1.022035e+02 1.040054e+02 1.117764e+02 6 2 
1.257732e+02 1.066871e+02 1.259982e+02 1.145962e+02 6 2 
1.512299e+02 1.270371e+02 1.234550e+02 1.338713e+02 6 2 
1.352763e+02 1.088508e+02 1.228642e+02 1.183674e+02 6 2 
1.406844e+02 1.148527e+02 1.193136e+02 1.230961e+02 6 2 
1.534915e+02 1.287590e+02 1.353470e+02 1.368881e+02 6 2 
1.403724e+02 1.083366e+02 1.175364e+02 1.189809e+02 6 2 
1.452451e+02 1.204717e+02 1.335690e+02 1.293921e+02 6 2 
1.470928e+02 1.237647e+02 1.363612e+02 1.322229e+02 6 2 
1.534930e+02 1.258748e+02 1.212754e+02 1.335988e+02 6 2 
1.320387e+02 1.079925e+02 1.219304e+02 1.167786e+02 6 2 
1.301269e+02 1.019760e+02 1.181464e+02 1.122417e+02 6 2 
1.246366e+02 9.129645e+01 1.008209e+02 1.023498e+02 12 2 
1.262214e+02 9.083742e+01 1.013348e+02 1.026197e+02 12 2 
1.398003e+02 1.076526e+02 1.151581e+02 1.181282e+02 12 2 
1.282077e+02 9.407120e+01 1.021863e+02 1.052161e+02 12 2 
1.220583e+02 8.742482e+01 9.779257e+01 9.897936e+01 12 2 
1.242694e+02 9.607364e+01 1.136854e+02 1.065024e+02 12 2 
1.155308e+02 8.439286e+01 9.769659e+01 9.521338e+01 12 2 
1.330283e+02 1.018498e+02 1.008305e+02 1.110610e+02 12 2 
9.981917e+01 6.097466e+01 7.106905e+01 7.374906e+01 12 2 
1.068905e+02 7.850988e+01 9.561855e+01 8.895135e+01 12 2 
1.333085e+02 9.623266e+01 1.099951e+02 1.088995e+02 12 2 
1.399455e+02 1.064412e+02 1.052462e+02 1.163291e+02 12 2 
1.377366e+02 1.048695e+02 1.071557e+02 1.149690e+02 12 2 
1.306253e+02 9.293020e+01 1.047435e+02 1.055708e+02 12 2 
1.277448e+02 8.792104e+01 9.966843e+01 1.011785e+02 12 2 
1.398359e+02 1.084706e+02 1.070012e+02 1.176859e+02 12 2 
1.456534e+02 1.118597e+02 1.163383e+02 1.224789e+02 12 2 
1.429445e+02 1.056813e+02 1.071871e+02 1.170085e+02 12 2 
1.184315e+02 8.654637e+01 1.008803e+02 9.771750e+01 12 2 
1.275771e+02 9.437055e+01 1.048633e+02 1.055054e+02 12 2 
1.347182e+02 1.024245e+02 1.091763e+02 1.128629e+02 12 2 
1.257788e+02 9.537291e+01 1.096418e+02 1.060766e+02 12 2 
1.306639e+02 9.905594e+01 1.120097e+02 1.099785e+02 12 2 
1.296340e+02 9.196820e+01 1.069467e+02 1.049535e+02 12 2 
1.325525e+02 9.163043e+01 9.726289e+01 1.045253e+02 12 2 
1.312709e+02 1.051015e+02 1.136523e+02 1.138891e+02 12 2 
1.292861e+02 1.013315e+02 1.131498e+02 1.110106e+02 12 2 
1.530458e+02 1.175932e+02 1.150362e+02 1.279224e+02 12 2 
1.474969e+02 1.132385e+02 1.160840e+02 1.238139e+02 12 2 
1.361075e+02 1.088172e+02 1.060333e+02 1.166723e+02 12 2 
1.375843e+02 1.113848e+02 1.165940e+02 1.198315e+02 18 2 
1.339247e+02 1.077946e+02 1.135366e+02 1.162659e+02 18 2 
1.259070e+02 1.015881e+02 1.134720e+02 1.102245e+02 18 2 
1.209364e+02 9.726892e+01 1.067637e+02 1.054535e+02 18 2 
1.385024e+02 1.079075e+02 1.043704e+02 1.166591e+02 18 2 
1.501234e+02 1.256418e+02 1.291675e+02 1.333848e+02 18 2 
1.402244e+02 1.097144e+02 1.083949e+02 1.186967e+02 18 2 
1.250075e+02 1.016860e+02 1.132461e+02 1.099775e+02 18 2 
1.300771e+02 1.017199e+02 1.066335e+02 1.107596e+02 18 2 
1.250729e+02 9.778112e+01 1.024686e+02 1.064940e+02 18 2 
1.266932e+02 9.930612e+01 1.080253e+02 1.084996e+02 18 2 
1.352536e+02 1.088969e+02 1.176011e+02 1.177905e+02 18 2 
1.393402e+02 1.130342e+02 1.096239e+02 1.205152e+02 18 2 
1.401462e+02 1.160724e+02 1.239675e+02 1.241688e+02 18 2 
1.282069e+02 1.063587e+02 1.128917e+02 1.136425e+02 18 2 
1.482848e+02 1.209394e+02 1.231749e+02 1.293827e+02 18 2 
1.352869e+02 1.131681e+02 1.195382e+02 1.205129e+02 18 2 
1.461057e+02 1.231341e+02 1.324257e+02 1.310792e+02 18 2 
1.454381e+02 1.195786e+02 1.252677e+02 1.279396e+02 18 2 
1.465484e+02 1.210765e+02 1.203476e+02 1.286133e+02 18 2 
1.477830e+02 1.220103e+02 1.238510e+02 1.299066e+02 18 2 
1.393706e+02 1.157099e+02 1.169281e+02 1.229487e+02 18 2 
1.518970e+02 1.261715e+02 1.238089e+02 1.336097e+02 18 2 
1.453775e+02 1.195341e+02 1.265300e+02 1.280871e+02 18 2 
1.411566e+02 1.137603e+02 1.191027e+02 1.225655e+02 18 2 
1.257976e+02 1.041912e+02 1.175141e+02 1.121825e+02 18 2 
1.280337e+02 1.026284e+02 1.103397e+02 1.111130e+02 18 2 
1.380495e+02 1.104298e+02 1.111260e+02 1.187708e+02 18 2 
1.353031e+02 1.066878e+02 1.058585e+02 1.151534e+02 18 2 
1.337160e+02 1.088940e+02 1.168657e+02 1.172351e+02 18 2 
1.345713e+02 1.050839e+02 1.011124e+02 1.134462e+02 24 2 
1.355044e+02 1.049450e+02 1.085514e+02 1.144940e+02 24 2 
1.312760e+02 1.009084e+02 9.429645e+01 1.092496e+02 24 2 
1.337293e+02 9.654362e+01 9.204005e+01 1.071589e+02 24 2 
1.178089e+02 8.504465e+01 8.768637e+01 9.514877e+01 24 2 
1.051414e+02 7.241722e+01 7.823519e+01 8.287021e+01 24 2 
1.358882e+02 1.071660e+02 1.060062e+02 1.156446e+02 24 2 
1.359463e+02 1.046923e+02 1.014739e+02 1.136853e+02 24 2 
1.204961e+02 8.786848e+01 8.893947e+01 9.774827e+01 24 2 
1.208453e+02 7.583101e+01 7.254207e+01 8.892938e+01 24 2 
1.335806e+02 9.432906e+01 8.793927e+01 1.053467e+02 24 2 
1.299796e+02 8.838423e+01 8.598591e+01 1.005675e+02 24 2 
1.117474e+02 8.165707e+01 8.954975e+01 9.155747e+01 24 2 
1.349934e+02 1.052629e+02 1.083234e+02 1.145091e+02 24 2 
1.358204e+02 9.958852e+01 8.864608e+01 1.091817e+02 24 2 
1.433930e+02 1.152281e+02 1.111699e+02 1.231844e+02 24 2 
1.254739e+02 9.281135e+01 9.424709e+01 1.027519e+02 24 2 
1.339338e+02 9.612738e+01 9.473859e+01 1.072870e+02 24 2 
1.255711e+02 9.374469e+01 8.657214e+01 1.024506e+02 24 2 
1.214719e+02 9.253564e+01 9.426916e+01 1.013850e+02 24 2 
1.314026e+02 9.812761e+01 9.569891e+01 1.078018e+02 24 2 
1.244916e+02 8.975901e+01 8.663364e+01 9.978947e+01 24 2 
1.308633e+02 9.639460e+01 9.267344e+01 1.062851e+02 24 2 
1.101510e+02 7.508158e+01 8.362529e+01 8.655757e+01 24 2 
1.326458e+02 9.884319e+01 8.449602e+01 1.073241e+02 24 2 
1.341259e+02 1.000528e+02 8.717378e+01 1.087878e+02 24 2 
1.368874e+02 1.030674e+02 8.841515e+01 1.115159e+02 24 2 
1.275771e+02 9.431173e+01 9.260228e+01 1.040734e+02 24 2 
1.347990e+02 1.083375e+02 1.012451e+02 1.154490e+02 24 2 
1.270441e+02 8.297293e+01 8.078964e+01 9.591522e+01 24 2 
