1.407347e-01 9.583481e-01 2.465826e-01 9.721970e-01 1 2 
1.475862e-01 9.533025e-01 1.889648e-01 9.750792e-01 1 2 
1.345522e-01 9.604579e-01 2.245720e-01 9.825094e-01 1 2 
1.471003e-01 9.534907e-01 2.054252e-01 9.747005e-01 1 2 
1.304867e-01 9.562930e-01 1.774150e-01 9.775191e-01 1 2 
1.536137e-01 9.582913e-01 2.113956e-01 9.737063e-01 1 2 
1.334888e-01 9.596523e-01 2.250378e-01 9.811858e-01 1 2 
1.447057e-01 9.571439e-01 2.220235e-01 9.785236e-01 1 2 
1.453675e-01 9.558669e-01 2.076502e-01 9.750000e-01 1 2 
1.563047e-01 9.565567e-01 2.947480e-01 9.750826e-01 1 2 
1.793574e-01 9.605477e-01 2.353745e-01 9.770310e-01 1 2 
1.291121e-01 9.600768e-01 1.933824e-01 9.770216e-01 1 2 
1.455666e-01 9.535298e-01 2.052278e-01 9.748599e-01 1 2 
1.328683e-01 9.491301e-01 1.975300e-01 9.698662e-01 1 2 
1.110831e-01 9.589608e-01 1.822485e-01 9.756825e-01 1 2 
1.503525e-01 9.615233e-01 2.301135e-01 9.781159e-01 1 2 
1.348297e-01 9.548071e-01 2.088767e-01 9.796285e-01 1 2 
1.695238e-01 9.504850e-01 1.911379e-01 9.761127e-01 1 2 
1.773578e-01 9.588911e-01 2.585441e-01 9.770641e-01 1 2 
1.729109e-01 9.606129e-01 2.778504e-01 9.782162e-01 1 2 
1.059973e-01 9.576855e-01 1.988756e-01 9.764467e-01 1 2 
1.838203e-01 9.606324e-01 2.288271e-01 9.755407e-01 1 2 
1.575070e-01 9.514298e-01 2.171464e-01 9.723288e-01 1 2 
1.368109e-01 9.513342e-01 1.844455e-01 9.792662e-01 1 2 
1.443449e-01 9.520333e-01 1.997881e-01 9.704333e-01 1 2 
1.236869e-01 9.540406e-01 2.024351e-01 9.722673e-01 1 2 
1.436547e-01 9.648194e-01 2.337535e-01 9.802715e-01 1 2 
1.698596e-01 9.532685e-01 2.210672e-01 9.750168e-01 1 2 
1.508272e-01 9.582662e-01 2.126827e-01 9.796074e-01 1 2 
1.308369e-01 9.572953e-01 2.191009e-01 9.824177e-01 1 2 
1.751475e-01 9.626153e-01 2.778096e-01 9.770888e-01 2 2 
1.948142e-01 9.745355e-01 4.211520e-01 9.775908e-01 2 2 
1.656650e-01 9.729018e-01 3.416068e-01 9.801452e-01 2 2 
1.652084e-01 9.704552e-01 2.887653e-01 9.795571e-01 2 2 
1.769917e-01 9.802729e-01 4.968418e-01 9.800981e-01 2 2 
1.670700e-01 9.708203e-01 3.357696e-01 9.801532e-01 2 2 
2.097148e-01 9.739927e-01 3.846434e-01 9.790653e-01 2 2 
1.710500e-01 9.766030e-01 3.149572e-01 9.788879e-01 2 2 
1.757494e-01 9.653640e-01 2.839494e-01 9.776731e-01 2 2 
1.675027e-01 9.747761e-01 3.150346e-01 9.791587e-01 2 2 
1.621524e-01 9.781605e-01 3.614074e-01 9.807432e-01 2 2 
1.810113e-01 9.778957e-01 3.867986e-01 9.814390e-01 2 2 
1.619776e-01 9.734144e-01 2.617518e-01 9.818240e-01 2 2 
1.784864e-01 9.708259e-01 3.565483e-01 9.785882e-01 2 2 
1.387879e-01 9.745036e-01 3.201548e-01 9.829118e-01 2 2 
1.763677e-01 9.770942e-01 4.288827e-01 9.795748e-01 2 2 
1.611633e-01 9.800605e-01 4.075481e-01 9.810362e-01 2 2 
1.559616e-01 9.775765e-01 3.307415e-01 9.805818e-01 2 2 
1.387821e-01 9.712449e-01 2.158859e-01 9.815821e-01 2 2 
1.471199e-01 9.661457e-01 2.689617e-01 9.793584e-01 2 2 
1.814643e-01 9.770422e-01 3.918997e-01 9.800877e-01 2 2 
1.643943e-01 9.635649e-01 2.527259e-01 9.786656e-01 2 2 
1.531932e-01 9.762556e-01 3.045864e-01 9.810378e-01 2 2 
2.043016e-01 9.738003e-01 3.543531e-01 9.790258e-01 2 2 
1.621869e-01 9.679310e-01 2.792828e-01 9.785736e-01 2 2 
1.682575e-01 9.780159e-01 4.008373e-01 9.803078e-01 2 2 
1.852949e-01 9.755053e-01 4.223614e-01 9.788027e-01 2 2 
1.990262e-01 9.714193e-01 3.856061e-01 9.781574e-01 2 2 
1.363857e-01 9.724622e-01 2.657716e-01 9.815439e-01 2 2 
1.597389e-01 9.639723e-01 2.830576e-01 9.764106e-01 2 2 
1.217238e-01 9.676757e-01 2.518381e-01 9.788467e-01 3 2 
1.254913e-01 9.646579e-01 2.603540e-01 9.778289e-01 3 2 
1.628105e-01 9.619586e-01 2.647394e-01 9.788432e-01 3 2 
1.520613e-01 9.552530e-01 2.476987e-01 9.748694e-01 3 2 
1.069275e-01 9.684716e-01 2.445171e-01 9.802364e-01 3 2 
1.409883e-01 9.599391e-01 2.071064e-01 9.787978e-01 3 2 
1.240598e-01 9.596458e-01 2.005688e-01 9.779199e-01 3 2 
1.425604e-01 9.649195e-01 2.267321e-01 9.794408e-01 3 2 
9.201899e-02 9.632826e-01 1.804661e-01 9.778614e-01 3 2 
9.508614e-02 9.641870e-01 2.044134e-01 9.803663e-01 3 2 
1.409580e-01 9.594143e-01 2.148168e-01 9.796766e-01 3 2 
1.664675e-01 9.626358e-01 2.523031e-01 9.775866e-01 3 2 
1.483893e-01 9.617655e-01 2.381994e-01 9.799794e-01 3 2 
1.297441e-01 9.675341e-01 2.390892e-01 9.786831e-01 3 2 
1.303459e-01 9.584746e-01 2.038979e-01 9.784694e-01 3 2 
1.620942e-01 9.590773e-01 2.508184e-01 9.785560e-01 3 2 
1.755261e-01 9.642811e-01 2.902276e-01 9.778248e-01 3 2 
1.492570e-01 9.672714e-01 2.559334e-01 9.799091e-01 3 2 
1.468686e-01 9.547799e-01 2.009967e-01 9.739689e-01 3 2 
1.307643e-01 9.632421e-01 2.241891e-01 9.799169e-01 3 2 
1.644406e-01 9.620792e-01 2.526321e-01 9.764688e-01 3 2 
1.393274e-01 9.598848e-01 2.332077e-01 9.779373e-01 3 2 
1.348187e-01 9.641956e-01 2.589944e-01 9.793663e-01 3 2 
1.400638e-01 9.610998e-01 2.272388e-01 9.773787e-01 3 2 
1.219572e-01 9.654936e-01 2.199527e-01 9.805293e-01 3 2 
1.613998e-01 9.617206e-01 2.428274e-01 9.776537e-01 3 2 
1.418041e-01 9.637173e-01 2.461452e-01 9.789212e-01 3 2 
1.760215e-01 9.696533e-01 3.326744e-01 9.794267e-01 3 2 
1.629581e-01 9.674701e-01 3.243916e-01 9.802160e-01 3 2 
1.413406e-01 9.705462e-01 3.125380e-01 9.800105e-01 3 2 
1.778874e-01 9.662058e-01 2.678219e-01 9.768148e-01 4 2 
1.500713e-01 9.670129e-01 2.638138e-01 9.792392e-01 4 2 
1.352600e-01 9.631884e-01 2.419804e-01 9.798593e-01 4 2 
1.308303e-01 9.651811e-01 2.829860e-01 9.777725e-01 4 2 
1.504177e-01 9.696005e-01 2.607566e-01 9.797453e-01 4 2 
1.905354e-01 9.714699e-01 3.969257e-01 9.790570e-01 4 2 
1.421841e-01 9.743000e-01 2.986805e-01 9.812678e-01 4 2 
1.301689e-01 9.657443e-01 2.318318e-01 9.809050e-01 4 2 
1.392815e-01 9.668559e-01 2.402148e-01 9.793676e-01 4 2 
1.393076e-01 9.666678e-01 2.671535e-01 9.770286e-01 4 2 
1.575461e-01 9.607465e-01 2.508888e-01 9.754365e-01 4 2 
1.615907e-01 9.654652e-01 2.611414e-01 9.785577e-01 4 2 
1.722097e-01 9.711978e-01 2.736427e-01 9.779738e-01 4 2 
1.801403e-01 9.701713e-01 3.045718e-01 9.776715e-01 4 2 
1.383587e-01 9.669075e-01 2.442780e-01 9.805353e-01 4 2 
2.201954e-01 9.648875e-01 3.523570e-01 9.751543e-01 4 2 
1.622777e-01 9.714981e-01 2.897081e-01 9.792620e-01 4 2 
1.805041e-01 9.719250e-01 3.364163e-01 9.799586e-01 4 2 
1.652728e-01 9.766216e-01 4.066183e-01 9.805405e-01 4 2 
1.615131e-01 9.767539e-01 4.117172e-01 9.812485e-01 4 2 
1.655898e-01 9.779296e-01 4.286972e-01 9.807832e-01 4 2 
1.529746e-01 9.743263e-01 3.175981e-01 9.809656e-01 4 2 
1.867665e-01 9.734617e-01 3.683258e-01 9.801146e-01 4 2 
1.696586e-01 9.723545e-01 3.557157e-01 9.803857e-01 4 2 
1.718353e-01 9.683611e-01 3.032406e-01 9.781392e-01 4 2 
1.583725e-01 9.656127e-01 3.032475e-01 9.761917e-01 4 2 
1.551339e-01 9.648042e-01 2.593955e-01 9.766674e-01 4 2 
1.493086e-01 9.691319e-01 2.686189e-01 9.804877e-01 4 2 
1.348640e-01 9.700578e-01 2.465474e-01 9.818729e-01 4 2 
1.503852e-01 9.690138e-01 2.796641e-01 9.799534e-01 4 2 
1.387714e-01 9.645411e-01 2.320517e-01 9.813207e-01 5 2 
1.595317e-01 9.600614e-01 2.430616e-01 9.786452e-01 5 2 
1.547415e-01 9.543341e-01 2.415083e-01 9.770814e-01 5 2 
1.522103e-01 9.584352e-01 2.246192e-01 9.762879e-01 5 2 
1.227726e-01 9.559488e-01 1.999024e-01 9.775347e-01 5 2 
1.132046e-01 9.585701e-01 2.225660e-01 9.720916e-01 5 2 
1.461654e-01 9.641883e-01 2.896825e-01 9.793752e-01 5 2 
1.260957e-01 9.692269e-01 2.886998e-01 9.816942e-01 5 2 
1.044743e-01 9.591291e-01 2.001219e-01 9.824112e-01 5 2 
1.291500e-01 9.557135e-01 2.238789e-01 9.735488e-01 5 2 
1.385114e-01 9.622879e-01 2.457986e-01 9.769295e-01 5 2 
1.158230e-01 9.660610e-01 2.320801e-01 9.795659e-01 5 2 
1.223865e-01 9.528550e-01 2.043027e-01 9.759579e-01 5 2 
1.410415e-01 9.586827e-01 2.380274e-01 9.814368e-01 5 2 
1.462422e-01 9.566956e-01 2.397405e-01 9.777411e-01 5 2 
1.694512e-01 9.671708e-01 3.089134e-01 9.788940e-01 5 2 
1.281446e-01 9.567308e-01 2.376535e-01 9.794615e-01 5 2 
1.478463e-01 9.600387e-01 2.133129e-01 9.778311e-01 5 2 
1.308945e-01 9.563617e-01 2.034254e-01 9.795556e-01 5 2 
1.394801e-01 9.493758e-01 1.999000e-01 9.777015e-01 5 2 
1.500761e-01 9.473587e-01 1.792387e-01 9.798690e-01 5 2 
1.434602e-01 9.498388e-01 1.638030e-01 9.791032e-01 5 2 
1.487328e-01 9.505252e-01 2.122403e-01 9.775042e-01 5 2 
1.262226e-01 9.469255e-01 2.087799e-01 9.716036e-01 5 2 
1.490460e-01 9.557646e-01 2.092961e-01 9.775694e-01 5 2 
1.457482e-01 9.522832e-01 2.102918e-01 9.787214e-01 5 2 
1.610512e-01 9.561841e-01 2.390572e-01 9.767336e-01 5 2 
1.651846e-01 9.451496e-01 2.176916e-01 9.727306e-01 5 2 
1.410460e-01 9.533098e-01 1.948752e-01 9.832383e-01 5 2 
1.398136e-01 9.520092e-01 2.321641e-01 9.726543e-01 5 2 
