1 1.924711e-01 2.136508e-01 1.294560e-03 1.000000e-06 3.523603e-02 3.579593e-02 2.366066e-01 1.699979e-01 3.783190e-01 1 1 
1 1.704626e-01 2.163331e-01 1.000000e-06 2.999701e-03 2.948500e-02 2.764709e-02 2.250777e-01 1.667094e-01 4.246557e-01 1 1 
1 1.865969e-01 2.251774e-01 1.000000e-06 1.480375e-03 3.058124e-02 2.956903e-02 2.258587e-01 1.738081e-01 4.086978e-01 1 1 
1 1.936602e-01 2.226984e-01 1.000000e-06 1.634763e-03 2.950598e-02 3.403773e-02 2.171359e-01 1.623465e-01 4.165522e-01 1 1 
1 1.955143e-01 2.437322e-01 1.000000e-06 1.301442e-03 2.919998e-02 3.076457e-02 2.359296e-01 1.768611e-01 4.596259e-01 1 1 
1 2.153828e-01 2.796628e-01 1.000000e-06 2.991253e-03 3.009172e-02 2.858614e-02 2.861243e-01 1.916699e-01 3.832343e-01 1 1 
1 2.061112e-01 2.404997e-01 1.000000e-06 7.642967e-04 3.270224e-02 3.007087e-02 2.707504e-01 1.851004e-01 3.632900e-01 1 1 
1.000000e+00 2.015297e-01 2.483879e-01 1.000000e-06 2.933430e-03 3.205549e-02 2.938597e-02 2.529989e-01 1.827217e-01 4.091053e-01 1 1 
1 1.998543e-01 2.519793e-01 1.000000e-06 1.221727e-03 3.230957e-02 3.178059e-02 2.620503e-01 1.792647e-01 4.107959e-01 1 1 
1 2.162923e-01 2.721373e-01 1.000000e-06 1.730993e-03 2.968514e-02 2.917880e-02 2.747323e-01 2.035916e-01 4.176676e-01 1 1 
1 2.141625e-01 2.582287e-01 1.000000e-06 3.891587e-04 3.285149e-02 3.091069e-02 2.840923e-01 1.872365e-01 3.587005e-01 1 1 
1 2.082827e-01 2.556344e-01 1.000000e-06 2.201014e-03 2.742922e-02 2.744978e-02 2.732962e-01 1.847405e-01 3.920764e-01 1 1 
1 2.172513e-01 2.586352e-01 1.000000e-06 2.235199e-03 2.785675e-02 2.834869e-02 2.652968e-01 1.957907e-01 3.900840e-01 1 1 
1 2.076256e-01 2.723843e-01 1.000000e-06 2.236218e-03 2.657294e-02 2.534044e-02 2.710473e-01 1.932325e-01 4.045546e-01 1 1 
1 2.402012e-01 2.828118e-01 5.841150e-04 1.000000e-06 3.539824e-02 3.587337e-02 3.004996e-01 2.238956e-01 3.881612e-01 1 1 
1 2.257535e-01 2.790506e-01 1.000000e-06 5.635580e-04 3.223349e-02 3.304608e-02 2.858013e-01 1.872912e-01 3.613299e-01 1 1 
1.000000e+00 2.248071e-01 2.578187e-01 1.000000e-06 1.492114e-03 2.889133e-02 3.230847e-02 2.726885e-01 1.947778e-01 3.844185e-01 1 1 
1 2.051392e-01 2.522780e-01 1.000000e-06 3.797045e-04 2.487590e-02 2.702854e-02 2.516999e-01 1.722318e-01 3.796821e-01 1 1 
1 1.986334e-01 2.581043e-01 1.000000e-06 4.420148e-03 2.607814e-02 2.051252e-02 2.716744e-01 1.944018e-01 4.354747e-01 1 1 
1 2.296638e-01 2.853762e-01 1.000000e-06 4.322106e-04 2.988390e-02 2.824530e-02 3.013094e-01 2.126956e-01 3.981378e-01 1 1 
1 2.358920e-01 2.699444e-01 6.666537e-04 1.000000e-06 3.232681e-02 3.638313e-02 2.735222e-01 1.970345e-01 3.707909e-01 1 1 
1 2.145910e-01 2.451168e-01 1.000000e-06 2.232265e-04 2.996117e-02 3.343599e-02 2.579453e-01 1.771761e-01 3.876852e-01 1 1 
1 1.998713e-01 2.721848e-01 1.000000e-06 2.090382e-03 2.699581e-02 2.762263e-02 2.808557e-01 1.885050e-01 4.046934e-01 1 1 
1 1.990224e-01 2.371642e-01 1.000000e-06 6.572456e-04 3.412577e-02 3.450361e-02 2.647066e-01 1.725141e-01 3.710980e-01 1 1 
1 2.077661e-01 2.654464e-01 1.000000e-06 6.639919e-04 3.107875e-02 3.062294e-02 2.687613e-01 1.937811e-01 4.033901e-01 1 1 
1 2.247601e-01 2.562586e-01 1.000000e-06 5.660894e-04 3.193902e-02 4.137810e-02 2.835503e-01 2.146303e-01 3.845758e-01 1 1 
1 1.919702e-01 2.171546e-01 6.016454e-05 1.000000e-06 3.897071e-02 3.999623e-02 2.601869e-01 1.990305e-01 3.699371e-01 1 1 
1 1.810264e-01 2.307576e-01 1.000000e-06 1.571458e-03 2.867192e-02 2.500752e-02 2.587037e-01 1.945565e-01 4.221320e-01 1 1 
1 1.884222e-01 2.354179e-01 1.000000e-06 1.176391e-03 3.703579e-02 3.655766e-02 2.690461e-01 1.858921e-01 3.761461e-01 1 1 
1.000000e+00 1.943519e-01 2.601932e-01 1.000000e-06 1.668992e-04 3.347117e-02 3.125226e-02 2.697946e-01 1.903081e-01 4.297629e-01 1 1 
1 1.961128e-01 2.225520e-01 3.471136e-04 1.000000e-06 3.468927e-02 4.197688e-02 2.259939e-01 1.569635e-01 3.730537e-01 2 1 
1 2.030568e-01 2.458160e-01 1.156108e-03 1.000000e-06 3.388416e-02 3.757240e-02 2.446609e-01 1.783537e-01 4.356590e-01 2 1 
1 1.890813e-01 2.287602e-01 1.000000e-06 1.016406e-03 3.140047e-02 2.786608e-02 2.275105e-01 1.572327e-01 4.120605e-01 2 1 
1 1.849286e-01 2.230883e-01 1.000000e-06 2.096843e-05 3.959840e-02 4.069666e-02 2.553972e-01 1.802360e-01 4.241504e-01 2 1 
1 1.974376e-01 2.373732e-01 1.000000e-06 1.305019e-03 3.504650e-02 3.584114e-02 2.617216e-01 1.864553e-01 4.383347e-01 2 1 
1 1.879779e-01 2.477942e-01 1.000000e-06 3.022625e-03 2.985943e-02 2.622155e-02 2.629023e-01 1.598887e-01 3.915202e-01 2 1 
1 2.232961e-01 2.637418e-01 3.099023e-04 1.000000e-06 3.822251e-02 4.448293e-02 2.748828e-01 1.832212e-01 3.837812e-01 2 1 
1 1.948388e-01 2.624942e-01 1.000000e-06 2.590007e-03 3.670871e-02 3.183174e-02 2.656452e-01 1.607402e-01 3.957578e-01 2 1 
1 1.954971e-01 2.654625e-01 1.000000e-06 1.561492e-03 3.565529e-02 3.046023e-02 2.526032e-01 1.470231e-01 3.866278e-01 2 1 
1 2.082336e-01 2.723708e-01 9.157600e-04 1.000000e-06 3.854566e-02 4.457476e-02 2.700215e-01 1.802711e-01 4.279216e-01 2 1 
1 2.016418e-01 2.554354e-01 1.000000e-06 1.549453e-03 3.432839e-02 3.839057e-02 2.657718e-01 1.672138e-01 3.845201e-01 2 1 
1 2.024020e-01 2.640737e-01 1.000000e-06 3.956654e-04 3.643485e-02 3.707877e-02 2.825191e-01 1.891496e-01 4.203612e-01 2 1 
1 1.865039e-01 2.290871e-01 1.000000e-06 2.197833e-04 3.434999e-02 3.305717e-02 2.675531e-01 1.826851e-01 3.906486e-01 2 1 
1.000000e+00 2.067460e-01 2.916070e-01 1.000000e-06 2.647000e-03 3.599500e-02 3.395800e-02 2.970670e-01 1.884340e-01 3.938560e-01 2 1 
1 2.095087e-01 2.564228e-01 1.000000e-06 5.014165e-04 3.955476e-02 4.816609e-02 2.816938e-01 1.974153e-01 4.083826e-01 2 1 
1 2.009735e-01 2.495904e-01 2.239200e-04 1.000000e-06 3.354033e-02 3.151379e-02 2.686196e-01 1.860379e-01 3.900503e-01 2 1 
1 2.062911e-01 2.546878e-01 1.000000e-06 9.845048e-04 3.376800e-02 3.395241e-02 2.670635e-01 1.806585e-01 4.057787e-01 2 1 
1 1.935968e-01 2.412073e-01 1.000000e-06 1.697808e-03 3.034392e-02 3.016426e-02 2.561192e-01 1.756706e-01 3.958564e-01 2 1 
1 1.956665e-01 2.428622e-01 1.000000e-06 1.164840e-03 3.525731e-02 3.547804e-02 2.491028e-01 1.865765e-01 4.147091e-01 2 1 
1 2.114629e-01 2.535722e-01 2.089476e-04 1.000000e-06 3.524811e-02 4.119541e-02 2.656332e-01 1.963451e-01 4.328854e-01 2 1 
1 1.957386e-01 2.175565e-01 5.274384e-04 1.000000e-06 3.117785e-02 3.246470e-02 2.484799e-01 1.778982e-01 3.715690e-01 2 1 
1 2.032509e-01 2.328336e-01 4.062435e-04 1.000000e-06 3.345385e-02 3.884358e-02 2.538658e-01 1.967264e-01 4.238856e-01 2 1 
1 2.053938e-01 2.349460e-01 1.000000e-06 2.597062e-04 3.285669e-02 3.428952e-02 2.424883e-01 1.868267e-01 4.022693e-01 2 1 
1 2.030930e-01 2.398957e-01 2.435220e-04 1.000000e-06 3.128634e-02 3.625804e-02 2.477978e-01 1.836508e-01 4.189577e-01 2 1 
1 2.029322e-01 2.551705e-01 1.000000e-06 1.246227e-03 3.429578e-02 3.617383e-02 2.497813e-01 1.789054e-01 4.282775e-01 2 1 
1 2.043158e-01 2.295781e-01 8.443845e-04 1.000000e-06 2.655780e-02 3.146120e-02 2.332262e-01 1.669127e-01 3.905468e-01 2 1 
1 1.946905e-01 2.433173e-01 1.000000e-06 5.275711e-04 2.983328e-02 3.455216e-02 2.394086e-01 1.868122e-01 4.463308e-01 2 1 
1 1.919582e-01 2.365746e-01 1.000000e-06 6.846225e-04 3.104550e-02 3.394085e-02 2.378815e-01 1.821462e-01 4.442953e-01 2 1 
1 1.863323e-01 2.231914e-01 1.000000e-06 8.508351e-04 3.488377e-02 3.735422e-02 2.445163e-01 1.672802e-01 4.276459e-01 2 1 
1 1.886880e-01 2.169398e-01 8.662599e-04 1.000000e-06 3.591935e-02 4.243898e-02 2.441250e-01 1.915454e-01 4.507209e-01 2 1 
1 1.740759e-01 1.922154e-01 1.000000e-06 7.576006e-04 3.192954e-02 3.741490e-02 2.099198e-01 1.564660e-01 4.286531e-01 3 1 
1 1.631843e-01 1.941668e-01 1.000000e-06 9.649845e-04 3.518644e-02 4.355382e-02 2.134465e-01 1.586150e-01 4.740115e-01 3 1 
1 1.488555e-01 1.993757e-01 1.000000e-06 2.935784e-03 3.996361e-02 3.761959e-02 2.251027e-01 1.349248e-01 4.592184e-01 3 1 
1 1.559381e-01 1.958330e-01 1.000000e-06 6.017691e-04 3.182299e-02 3.599083e-02 2.086556e-01 1.469078e-01 4.435564e-01 3 1 
1 1.797338e-01 2.369677e-01 1.000000e-06 2.232963e-03 3.844257e-02 3.844257e-02 2.467923e-01 1.715034e-01 4.482070e-01 3 1 
1 1.519173e-01 1.761253e-01 1.000000e-06 5.987280e-04 2.945778e-02 3.784466e-02 1.916476e-01 1.493957e-01 4.643610e-01 3 1 
1 2.555757e-01 2.374275e-01 1.000000e-06 1.172513e-03 2.893942e-02 3.152907e-02 2.388251e-01 2.237804e-01 3.954790e-01 3 1 
1.000000e+00 1.774434e-01 2.193858e-01 1.000000e-06 2.784181e-03 3.010996e-02 2.900058e-02 2.182764e-01 1.625544e-01 4.518301e-01 3 1 
1 1.462156e-01 1.953658e-01 1.000000e-06 3.766929e-03 3.453167e-02 3.835554e-02 2.105840e-01 1.488228e-01 5.122639e-01 3 1 
1.000000e+00 2.172734e-01 2.392900e-01 1.000000e-06 1.868201e-03 4.148980e-02 4.391100e-02 2.704374e-01 2.146265e-01 3.966478e-01 3 1 
1 1.793505e-01 2.788870e-01 1.000000e-06 3.006507e-03 3.884300e-02 3.427213e-02 2.787618e-01 1.741534e-01 4.578608e-01 3 1 
1 1.985115e-01 2.975341e-01 1.000000e-06 3.216431e-03 4.641321e-02 4.552473e-02 2.991841e-01 1.765324e-01 4.392458e-01 3 1 
1 2.461912e-01 2.817826e-01 1.000000e-06 1.571523e-03 3.837271e-02 4.938760e-02 2.596043e-01 2.153537e-01 4.197552e-01 3 1 
1 1.815787e-01 1.948714e-01 3.457678e-04 1.000000e-06 2.947865e-02 4.070275e-02 1.925347e-01 1.613906e-01 4.594616e-01 3 1 
1 1.898892e-01 2.004923e-01 1.000000e-06 3.299279e-04 3.825339e-02 4.798578e-02 2.341397e-01 1.914758e-01 3.889293e-01 3 1 
1 1.885689e-01 2.106848e-01 1.000000e-06 6.845813e-04 3.806039e-02 4.765064e-02 2.359974e-01 1.938365e-01 4.537582e-01 3 1 
1 1.860813e-01 1.729356e-01 1.000000e-06 4.821759e-04 2.721631e-02 3.547329e-02 1.939919e-01 2.017292e-01 4.603901e-01 3 1 
1 1.973746e-01 2.050882e-01 1.000000e-06 1.590824e-03 3.695949e-02 5.062020e-02 2.215753e-01 1.783360e-01 4.335518e-01 3 1 
1 1.621567e-01 2.087916e-01 1.000000e-06 2.701637e-03 3.976690e-02 4.602925e-02 2.321384e-01 1.745835e-01 4.438840e-01 3 1 
1 2.030870e-01 2.166088e-01 4.583560e-04 1.000000e-06 4.195844e-02 5.036982e-02 2.394965e-01 1.985731e-01 4.002869e-01 3 1 
1 2.377295e-01 2.409937e-01 1.000000e-06 2.298088e-03 3.252293e-02 3.893060e-02 2.306569e-01 1.987596e-01 4.012660e-01 3 1 
1 1.762786e-01 2.157891e-01 1.000000e-06 3.119727e-03 3.857787e-02 3.935258e-02 2.508698e-01 1.744312e-01 4.480052e-01 3 1 
1 2.043293e-01 2.634885e-01 1.000000e-06 3.383301e-03 3.606504e-02 3.461252e-02 2.621189e-01 1.998472e-01 4.320640e-01 3 1 
1 1.736103e-01 1.820732e-01 1.000000e-06 4.031272e-04 3.535164e-02 4.642842e-02 2.042085e-01 1.547103e-01 3.679657e-01 3 1 
1 1.840766e-01 2.008482e-01 5.502452e-04 1.000000e-06 4.007629e-02 5.937833e-02 2.331948e-01 1.901772e-01 4.164073e-01 3 1 
1 1.866095e-01 1.940192e-01 1.000000e-06 1.021034e-03 3.524029e-02 5.140686e-02 2.063173e-01 1.809897e-01 4.204475e-01 3 1 
1 1.833945e-01 2.095656e-01 1.000000e-06 2.191707e-03 3.268556e-02 3.872957e-02 2.188956e-01 1.738101e-01 4.419761e-01 3 1 
1 1.686742e-01 1.862856e-01 1.000000e-06 1.737341e-03 3.239998e-02 4.203572e-02 1.972188e-01 1.624920e-01 4.675729e-01 3 1 
1 2.197720e-01 2.674367e-01 1.000000e-06 2.895943e-03 3.818571e-02 3.995937e-02 2.683541e-01 1.823620e-01 3.759155e-01 3 1 
1 1.801276e-01 2.221082e-01 1.000000e-06 1.849574e-03 3.921860e-02 4.945532e-02 2.384472e-01 1.842621e-01 4.366222e-01 3 1 
