1.296283e+02 1.276845e+02 7.089136e+01 1.218374e+02 0 3 
1.292440e+02 1.268452e+02 6.460476e+01 1.205076e+02 0 3 
1.335129e+02 1.293053e+02 6.824947e+01 1.236133e+02 0 3 
1.289350e+02 1.277044e+02 5.825728e+01 1.201949e+02 0 3 
1.264719e+02 1.246509e+02 5.985589e+01 1.178520e+02 0 3 
1.350562e+02 1.315486e+02 7.538922e+01 1.262196e+02 0 3 
1.244087e+02 1.270501e+02 6.385378e+01 1.190481e+02 0 3 
1.270676e+02 1.310139e+02 6.116135e+01 1.218695e+02 0 3 
1.331468e+02 1.289967e+02 6.736599e+01 1.232190e+02 0 3 
1.337942e+02 1.303544e+02 6.938225e+01 1.244500e+02 0 3 
1.312865e+02 1.282318e+02 6.773372e+01 1.222764e+02 0 3 
1.364953e+02 1.316349e+02 6.949527e+01 1.260058e+02 0 3 
1.363724e+02 1.291425e+02 5.664236e+01 1.230293e+02 0 3 
1.332718e+02 1.267823e+02 5.403377e+01 1.204246e+02 0 3 
1.350977e+02 1.301512e+02 7.291575e+01 1.250999e+02 0 3 
1.314164e+02 1.247845e+02 6.543867e+01 1.199749e+02 0 3 
1.337438e+02 1.238071e+02 5.269319e+01 1.186610e+02 0 3 
1.356585e+02 1.286095e+02 7.061754e+01 1.240831e+02 0 3 
1.320204e+02 1.298153e+02 5.809336e+01 1.223270e+02 0 3 
1.259073e+02 1.281668e+02 6.841410e+01 1.206862e+02 0 3 
1.313798e+02 1.338251e+02 6.717812e+01 1.254851e+02 0 3 
1.325133e+02 1.259295e+02 5.815920e+01 1.201529e+02 0 3 
1.354984e+02 1.317739e+02 7.068663e+01 1.259389e+02 0 3 
1.383179e+02 1.245180e+02 5.490316e+01 1.206927e+02 0 3 
1.370891e+02 1.321068e+02 7.421779e+01 1.269891e+02 0 3 
1.360182e+02 1.352863e+02 7.527252e+01 1.286906e+02 0 3 
1.277746e+02 1.276005e+02 6.338662e+01 1.203676e+02 0 3 
1.313563e+02 1.229613e+02 6.494512e+01 1.188643e+02 0 3 
1.298407e+02 1.202472e+02 5.903110e+01 1.161242e+02 0 3 
1.310767e+02 1.283829e+02 6.838964e+01 1.223708e+02 0 3 
1.250763e+02 1.211270e+02 7.033078e+01 1.165219e+02 6 3 
1.296601e+02 1.242996e+02 6.736353e+01 1.194175e+02 6 3 
1.267401e+02 1.204550e+02 6.793720e+01 1.163364e+02 6 3 
1.291490e+02 1.185631e+02 6.331726e+01 1.154229e+02 6 3 
1.263709e+02 1.234926e+02 7.269865e+01 1.185722e+02 6 3 
1.294506e+02 1.261159e+02 7.430288e+01 1.212317e+02 6 3 
1.358830e+02 1.269412e+02 6.759966e+01 1.228408e+02 6 3 
1.396823e+02 1.316983e+02 7.349494e+01 1.274342e+02 6 3 
1.319906e+02 1.252805e+02 7.240115e+01 1.212567e+02 6 3 
1.308231e+02 1.277532e+02 7.199076e+01 1.223347e+02 6 3 
1.258993e+02 1.210388e+02 6.354239e+01 1.159438e+02 6 3 
1.325092e+02 1.282643e+02 7.389787e+01 1.233467e+02 6 3 
1.363210e+02 1.286311e+02 7.805887e+01 1.251299e+02 6 3 
1.392265e+02 1.288312e+02 7.217187e+01 1.254836e+02 6 3 
1.301205e+02 1.267693e+02 6.969991e+01 1.212831e+02 6 3 
1.315617e+02 1.246796e+02 6.996141e+01 1.204934e+02 6 3 
1.346242e+02 1.298500e+02 7.541467e+01 1.250694e+02 6 3 
1.384926e+02 1.291003e+02 7.325013e+01 1.255247e+02 6 3 
1.391861e+02 1.306232e+02 7.171215e+01 1.264549e+02 6 3 
1.330202e+02 1.293337e+02 8.117541e+01 1.249532e+02 6 3 
1.391718e+02 1.314813e+02 7.832466e+01 1.276999e+02 6 3 
1.305038e+02 1.226780e+02 6.701870e+01 1.186809e+02 6 3 
1.358396e+02 1.279613e+02 7.333773e+01 1.240899e+02 6 3 
1.349264e+02 1.249884e+02 6.978715e+01 1.216467e+02 6 3 
1.364784e+02 1.299210e+02 7.520146e+01 1.256178e+02 6 3 
1.353740e+02 1.272090e+02 7.999523e+01 1.242526e+02 6 3 
1.354654e+02 1.258422e+02 7.309685e+01 1.227147e+02 6 3 
1.284203e+02 1.202864e+02 7.486748e+01 1.175225e+02 6 3 
1.278842e+02 1.218379e+02 7.129360e+01 1.178826e+02 6 3 
1.345835e+02 1.274399e+02 7.910774e+01 1.240205e+02 6 3 
1.311032e+02 8.846701e+01 5.660353e+01 9.760544e+01 12 3 
1.394508e+02 1.005837e+02 7.124269e+01 1.088739e+02 12 3 
1.387820e+02 1.004472e+02 6.221143e+01 1.075656e+02 12 3 
1.439371e+02 1.072676e+02 6.946543e+01 1.139393e+02 12 3 
1.337556e+02 9.641298e+01 6.197769e+01 1.036579e+02 12 3 
1.415072e+02 1.085090e+02 6.780068e+01 1.137448e+02 12 3 
1.419120e+02 1.036970e+02 7.122969e+01 1.114344e+02 12 3 
1.359956e+02 9.686297e+01 5.568380e+01 1.038783e+02 12 3 
1.411321e+02 1.019758e+02 6.043737e+01 1.089633e+02 12 3 
1.244245e+02 8.817105e+01 6.057987e+01 9.586754e+01 12 3 
1.373239e+02 1.015214e+02 6.933199e+01 1.085694e+02 12 3 
1.450181e+02 1.041734e+02 6.258333e+01 1.116471e+02 12 3 
1.422537e+02 1.063387e+02 6.647737e+01 1.125413e+02 12 3 
1.313328e+02 9.389658e+01 5.317183e+01 1.004559e+02 12 3 
1.421612e+02 1.066820e+02 7.111550e+01 1.132486e+02 12 3 
1.352676e+02 1.009745e+02 6.783799e+01 1.074606e+02 12 3 
1.372557e+02 1.015630e+02 6.431881e+01 1.079999e+02 12 3 
1.434572e+02 1.066864e+02 7.457821e+01 1.140299e+02 12 3 
1.429198e+02 1.025350e+02 6.686155e+01 1.105558e+02 12 3 
1.455051e+02 1.110096e+02 7.890638e+01 1.176840e+02 12 3 
1.336814e+02 9.986502e+01 6.331107e+01 1.058152e+02 12 3 
1.472095e+02 1.109194e+02 7.385721e+01 1.175543e+02 12 3 
1.498686e+02 1.141084e+02 7.848129e+01 1.207471e+02 12 3 
1.314733e+02 9.476628e+01 5.786330e+01 1.015528e+02 12 3 
1.365329e+02 1.006309e+02 7.335502e+01 1.082655e+02 12 3 
1.387742e+02 1.041459e+02 6.605593e+01 1.101656e+02 12 3 
1.422105e+02 1.078093e+02 6.869267e+01 1.136384e+02 12 3 
1.325301e+02 8.947062e+01 5.818993e+01 9.878642e+01 12 3 
1.318725e+02 9.468702e+01 5.893546e+01 1.017290e+02 12 3 
1.330926e+02 9.584225e+01 6.133061e+01 1.030530e+02 12 3 
1.429290e+02 1.088240e+02 8.227342e+01 1.159976e+02 18 3 
1.495672e+02 1.163200e+02 8.712592e+01 1.229508e+02 18 3 
1.462529e+02 1.087631e+02 7.979762e+01 1.166775e+02 18 3 
1.413834e+02 1.096580e+02 8.867206e+01 1.167721e+02 18 3 
1.471609e+02 1.158379e+02 9.056823e+01 1.223322e+02 18 3 
1.513170e+02 1.131235e+02 7.877683e+01 1.206182e+02 18 3 
1.487261e+02 1.157588e+02 8.764172e+01 1.224266e+02 18 3 
1.495163e+02 1.141730e+02 8.471254e+01 1.213870e+02 18 3 
1.328924e+02 1.030185e+02 8.704245e+01 1.101326e+02 18 3 
1.479038e+02 1.091589e+02 7.189267e+01 1.164979e+02 18 3 
1.519945e+02 1.199997e+02 8.790108e+01 1.259248e+02 18 3 
1.548798e+02 1.205658e+02 7.917130e+01 1.261127e+02 18 3 
1.481582e+02 1.144229e+02 8.367875e+01 1.210269e+02 18 3 
1.511434e+02 1.142035e+02 8.289805e+01 1.216707e+02 18 3 
1.557405e+02 1.230001e+02 1.028484e+02 1.304852e+02 18 3 
1.412531e+02 1.045845e+02 7.527496e+01 1.122043e+02 18 3 
1.558117e+02 1.210450e+02 8.519272e+01 1.273734e+02 18 3 
1.501310e+02 1.120903e+02 7.781941e+01 1.195738e+02 18 3 
1.482600e+02 1.142571e+02 8.489848e+01 1.210846e+02 18 3 
1.545126e+02 1.159815e+02 8.560111e+01 1.240484e+02 18 3 
1.514795e+02 1.154478e+02 9.302758e+01 1.236738e+02 18 3 
1.495914e+02 1.141130e+02 7.667226e+01 1.204513e+02 18 3 
1.509938e+02 1.219307e+02 9.751142e+01 1.278531e+02 18 3 
1.587258e+02 1.251724e+02 9.363887e+01 1.316350e+02 18 3 
1.498756e+02 1.159586e+02 8.288890e+01 1.223433e+02 18 3 
1.506843e+02 1.171533e+02 8.855898e+01 1.239163e+02 18 3 
1.526619e+02 1.181945e+02 8.970078e+01 1.252464e+02 18 3 
1.469149e+02 1.042636e+02 6.456122e+01 1.124984e+02 18 3 
1.460756e+02 1.146689e+02 8.958073e+01 1.212202e+02 18 3 
1.465003e+02 1.127043e+02 8.114885e+01 1.192169e+02 18 3 
1.376611e+02 1.071325e+02 9.041123e+01 1.143560e+02 24 3 
1.399525e+02 1.051835e+02 7.274318e+01 1.118897e+02 24 3 
1.462393e+02 1.151246e+02 9.177683e+01 1.217662e+02 24 3 
1.396649e+02 1.010528e+02 7.263116e+01 1.093692e+02 24 3 
1.496432e+02 1.106384e+02 7.390139e+01 1.181232e+02 24 3 
1.347310e+02 1.045129e+02 8.134091e+01 1.109143e+02 24 3 
1.314223e+02 9.475712e+01 7.096065e+01 1.030138e+02 24 3 
1.388531e+02 9.734238e+01 6.301257e+01 1.058504e+02 24 3 
1.429112e+02 1.120359e+02 8.472421e+01 1.181654e+02 24 3 
1.396104e+02 1.021119e+02 7.537776e+01 1.102841e+02 24 3 
1.444012e+02 1.161399e+02 9.602744e+01 1.222966e+02 24 3 
1.402803e+02 9.846772e+01 5.597626e+01 1.061468e+02 24 3 
1.403025e+02 1.098005e+02 8.367633e+01 1.159516e+02 24 3 
1.374033e+02 1.084489e+02 9.093182e+01 1.151128e+02 24 3 
1.539177e+02 1.192557e+02 8.680684e+01 1.259294e+02 24 3 
1.547458e+02 1.273325e+02 1.114884e+02 1.337346e+02 24 3 
1.383989e+02 1.059570e+02 8.166434e+01 1.128973e+02 24 3 
1.436338e+02 1.071586e+02 7.512474e+01 1.144243e+02 24 3 
1.546956e+02 1.174034e+02 8.610879e+01 1.249934e+02 24 3 
1.390106e+02 1.113574e+02 9.276905e+01 1.175122e+02 24 3 
1.394172e+02 1.141595e+02 9.832365e+01 1.199174e+02 24 3 
1.488959e+02 1.219797e+02 1.042797e+02 1.280111e+02 24 3 
1.470236e+02 1.141184e+02 8.489172e+01 1.206298e+02 24 3 
1.537873e+02 1.188677e+02 9.278552e+01 1.263494e+02 24 3 
1.451887e+02 1.132412e+02 8.176888e+01 1.192055e+02 24 3 
1.407083e+02 1.053220e+02 8.566777e+01 1.136719e+02 24 3 
1.414795e+02 1.100509e+02 9.078056e+01 1.172517e+02 24 3 
1.413575e+02 1.073827e+02 8.925018e+01 1.154850e+02 24 3 
1.465760e+02 1.182322e+02 1.017737e+02 1.248344e+02 24 3 
1.419319e+02 1.099821e+02 7.927914e+01 1.160514e+02 24 3 
