1.498997e-01 9.756248e-01 3.142529e-01 9.807094e-01 1 3 
1.549478e-01 9.716934e-01 3.127366e-01 9.791983e-01 1 3 
1.618908e-01 9.713495e-01 3.226580e-01 9.797468e-01 1 3 
1.490023e-01 9.742002e-01 3.270313e-01 9.797951e-01 1 3 
1.314230e-01 9.802110e-01 3.757806e-01 9.809391e-01 1 3 
1.680794e-01 9.731348e-01 3.841039e-01 9.800373e-01 1 3 
1.326770e-01 9.789410e-01 3.394630e-01 9.815821e-01 1 3 
1.633382e-01 9.656555e-01 2.867313e-01 9.787308e-01 1 3 
1.487939e-01 9.739162e-01 3.181593e-01 9.816543e-01 1 3 
1.641560e-01 9.702474e-01 2.792739e-01 9.797919e-01 1 3 
1.633124e-01 9.681469e-01 2.968389e-01 9.788717e-01 1 3 
1.662288e-01 9.753135e-01 3.608091e-01 9.799364e-01 1 3 
1.562623e-01 9.720619e-01 3.094087e-01 9.801596e-01 1 3 
1.361722e-01 9.732671e-01 2.984140e-01 9.820427e-01 1 3 
1.604136e-01 9.737697e-01 3.454056e-01 9.803860e-01 1 3 
1.504189e-01 9.755420e-01 3.435865e-01 9.789223e-01 1 3 
1.568636e-01 9.690422e-01 3.240290e-01 9.782959e-01 1 3 
1.716962e-01 9.685724e-01 3.128658e-01 9.782948e-01 1 3 
1.615262e-01 9.690469e-01 2.933307e-01 9.792717e-01 1 3 
1.465089e-01 9.712608e-01 2.915393e-01 9.809891e-01 1 3 
1.668202e-01 9.703520e-01 2.958609e-01 9.799458e-01 1 3 
1.473920e-01 9.759752e-01 3.599674e-01 9.794944e-01 1 3 
1.731556e-01 9.719223e-01 3.443165e-01 9.790102e-01 1 3 
1.530767e-01 9.758681e-01 3.194349e-01 9.795222e-01 1 3 
1.727375e-01 9.667896e-01 2.986657e-01 9.803844e-01 1 3 
1.692601e-01 9.749897e-01 4.083766e-01 9.808504e-01 1 3 
1.386916e-01 9.736912e-01 2.963171e-01 9.823994e-01 1 3 
1.408468e-01 9.784610e-01 3.463164e-01 9.802804e-01 1 3 
1.330330e-01 9.761811e-01 3.328435e-01 9.809995e-01 1 3 
1.595777e-01 9.708545e-01 3.003555e-01 9.792595e-01 1 3 
1.296797e-01 9.775220e-01 3.695528e-01 9.811910e-01 2 3 
1.503474e-01 9.753520e-01 3.407651e-01 9.789955e-01 2 3 
1.437579e-01 9.722219e-01 3.420641e-01 9.793339e-01 2 3 
1.336313e-01 9.718935e-01 3.068105e-01 9.812634e-01 2 3 
1.403127e-01 9.784293e-01 3.652521e-01 9.798793e-01 2 3 
1.580071e-01 9.710028e-01 2.969026e-01 9.792413e-01 2 3 
1.424074e-01 9.729621e-01 3.135299e-01 9.821999e-01 2 3 
1.580722e-01 9.741565e-01 3.556085e-01 9.817367e-01 2 3 
1.442134e-01 9.736911e-01 3.049708e-01 9.812307e-01 2 3 
1.645693e-01 9.697489e-01 3.061972e-01 9.784962e-01 2 3 
1.291878e-01 9.724555e-01 3.329384e-01 9.820311e-01 2 3 
1.538899e-01 9.682032e-01 3.059044e-01 9.810131e-01 2 3 
1.638799e-01 9.698827e-01 3.320699e-01 9.800016e-01 2 3 
1.502955e-01 9.732753e-01 3.308819e-01 9.829170e-01 2 3 
1.427699e-01 9.748003e-01 3.155359e-01 9.809593e-01 2 3 
1.590715e-01 9.685080e-01 2.949091e-01 9.786470e-01 2 3 
1.782193e-01 9.638976e-01 2.908899e-01 9.784214e-01 2 3 
1.692318e-01 9.690277e-01 3.427120e-01 9.799076e-01 2 3 
1.814877e-01 9.690243e-01 3.592862e-01 9.788944e-01 2 3 
1.697518e-01 9.703336e-01 3.397902e-01 9.792963e-01 2 3 
1.704632e-01 9.719043e-01 3.644871e-01 9.799306e-01 2 3 
1.419028e-01 9.740806e-01 2.903028e-01 9.805554e-01 2 3 
1.610902e-01 9.685439e-01 2.726464e-01 9.803939e-01 2 3 
1.449963e-01 9.747366e-01 3.073695e-01 9.819501e-01 2 3 
1.474158e-01 9.753336e-01 3.702476e-01 9.824047e-01 2 3 
1.605454e-01 9.694913e-01 3.044039e-01 9.800192e-01 2 3 
1.527870e-01 9.753048e-01 3.052417e-01 9.803328e-01 2 3 
1.233110e-01 9.757324e-01 2.937114e-01 9.834343e-01 2 3 
1.344616e-01 9.742701e-01 2.970400e-01 9.815729e-01 2 3 
1.711495e-01 9.698326e-01 3.219424e-01 9.786464e-01 2 3 
1.098954e-01 9.658488e-01 2.664359e-01 9.794041e-01 3 3 
1.112018e-01 9.673799e-01 2.336055e-01 9.834082e-01 3 3 
1.095422e-01 9.664538e-01 2.072028e-01 9.848418e-01 3 3 
1.151097e-01 9.723524e-01 2.915739e-01 9.832035e-01 3 3 
1.071395e-01 9.698940e-01 2.448738e-01 9.824752e-01 3 3 
1.026595e-01 9.721687e-01 2.507714e-01 9.857574e-01 3 3 
1.308626e-01 9.634706e-01 2.597059e-01 9.807068e-01 3 3 
1.083447e-01 9.670861e-01 2.284638e-01 9.823792e-01 3 3 
1.014238e-01 9.713715e-01 2.425839e-01 9.851223e-01 3 3 
8.591762e-02 9.689367e-01 2.266311e-01 9.838752e-01 3 3 
1.067136e-01 9.685468e-01 2.461387e-01 9.836681e-01 3 3 
1.236357e-01 9.705067e-01 3.048150e-01 9.810919e-01 3 3 
1.175934e-01 9.672616e-01 2.218753e-01 9.836489e-01 3 3 
9.433053e-02 9.673372e-01 1.944539e-01 9.852417e-01 3 3 
1.133466e-01 9.669747e-01 2.448592e-01 9.843380e-01 3 3 
1.242477e-01 9.651835e-01 2.364011e-01 9.807961e-01 3 3 
1.182420e-01 9.621654e-01 2.258464e-01 9.837757e-01 3 3 
1.287069e-01 9.678451e-01 2.837029e-01 9.815189e-01 3 3 
1.105550e-01 9.697484e-01 2.433500e-01 9.838112e-01 3 3 
1.350706e-01 9.694842e-01 2.672137e-01 9.819419e-01 3 3 
1.167171e-01 9.665929e-01 2.358457e-01 9.820117e-01 3 3 
1.342023e-01 9.697306e-01 2.800164e-01 9.817824e-01 3 3 
1.445481e-01 9.644591e-01 2.734132e-01 9.815381e-01 3 3 
1.021941e-01 9.677552e-01 2.013246e-01 9.844890e-01 3 3 
1.012131e-01 9.715438e-01 2.095330e-01 9.852384e-01 3 3 
1.057288e-01 9.711856e-01 2.459739e-01 9.847174e-01 3 3 
1.266139e-01 9.689455e-01 2.596653e-01 9.823130e-01 3 3 
9.595709e-02 9.669873e-01 2.413258e-01 9.828166e-01 3 3 
1.179058e-01 9.624364e-01 2.152519e-01 9.804361e-01 3 3 
1.008573e-01 9.661232e-01 2.088246e-01 9.841003e-01 3 3 
1.396922e-01 9.731206e-01 2.469489e-01 9.812013e-01 4 3 
1.613258e-01 9.700356e-01 2.933199e-01 9.793512e-01 4 3 
1.449406e-01 9.677420e-01 2.395081e-01 9.808467e-01 4 3 
1.386131e-01 9.718674e-01 3.077322e-01 9.809059e-01 4 3 
1.625661e-01 9.707616e-01 2.714112e-01 9.798004e-01 4 3 
1.434579e-01 9.737249e-01 3.084423e-01 9.814037e-01 4 3 
1.560278e-01 9.717509e-01 3.004894e-01 9.800445e-01 4 3 
1.528743e-01 9.730836e-01 2.797607e-01 9.808733e-01 4 3 
1.630445e-01 9.639076e-01 3.254340e-01 9.740831e-01 4 3 
1.508185e-01 9.724245e-01 3.452862e-01 9.784482e-01 4 3 
1.574777e-01 9.752826e-01 3.488846e-01 9.810005e-01 4 3 
1.603757e-01 9.738109e-01 2.827323e-01 9.812184e-01 4 3 
1.507477e-01 9.690740e-01 2.458572e-01 9.812085e-01 4 3 
1.580619e-01 9.696384e-01 2.861718e-01 9.798147e-01 4 3 
1.636628e-01 9.704036e-01 3.060579e-01 9.824019e-01 4 3 
1.283439e-01 9.705448e-01 2.686941e-01 9.812652e-01 4 3 
1.645872e-01 9.720391e-01 3.440140e-01 9.803120e-01 4 3 
1.340280e-01 9.763341e-01 3.162496e-01 9.826858e-01 4 3 
1.435512e-01 9.707057e-01 2.837036e-01 9.815970e-01 4 3 
1.629237e-01 9.710398e-01 2.824072e-01 9.796886e-01 4 3 
1.691360e-01 9.695967e-01 3.107237e-01 9.784569e-01 4 3 
1.351871e-01 9.782914e-01 2.824404e-01 9.825327e-01 4 3 
1.688061e-01 9.721120e-01 3.514139e-01 9.799729e-01 4 3 
1.810969e-01 9.727898e-01 4.392987e-01 9.795948e-01 4 3 
1.675338e-01 9.689791e-01 2.893583e-01 9.786607e-01 4 3 
1.566294e-01 9.760666e-01 2.974391e-01 9.805237e-01 4 3 
1.504611e-01 9.738064e-01 2.734922e-01 9.819243e-01 4 3 
1.318855e-01 9.723181e-01 2.719673e-01 9.804670e-01 4 3 
1.709021e-01 9.698358e-01 2.914642e-01 9.775217e-01 4 3 
1.396316e-01 9.736935e-01 3.053306e-01 9.812358e-01 4 3 
1.618008e-01 9.560547e-01 2.519261e-01 9.776663e-01 5 3 
1.447127e-01 9.618015e-01 2.436665e-01 9.792980e-01 5 3 
1.633522e-01 9.644394e-01 2.596449e-01 9.805787e-01 5 3 
1.711374e-01 9.563577e-01 2.276548e-01 9.748863e-01 5 3 
1.704504e-01 9.615054e-01 2.684824e-01 9.771661e-01 5 3 
1.638902e-01 9.656159e-01 3.165044e-01 9.752018e-01 5 3 
1.373757e-01 9.573344e-01 2.186150e-01 9.771660e-01 5 3 
1.436304e-01 9.598818e-01 2.275476e-01 9.771093e-01 5 3 
1.685311e-01 9.596400e-01 2.565711e-01 9.779182e-01 5 3 
1.456875e-01 9.604037e-01 2.205645e-01 9.790469e-01 5 3 
1.784482e-01 9.674511e-01 3.024668e-01 9.774487e-01 5 3 
1.350965e-01 9.619798e-01 2.538076e-01 9.785415e-01 5 3 
1.628036e-01 9.595163e-01 2.498919e-01 9.778989e-01 5 3 
1.592857e-01 9.594858e-01 2.116010e-01 9.794724e-01 5 3 
1.800943e-01 9.609896e-01 2.967842e-01 9.794088e-01 5 3 
2.024539e-01 9.625782e-01 3.471548e-01 9.779766e-01 5 3 
1.598805e-01 9.641059e-01 3.325184e-01 9.758408e-01 5 3 
1.525962e-01 9.612990e-01 2.418858e-01 9.790965e-01 5 3 
1.874581e-01 9.607810e-01 3.001268e-01 9.772965e-01 5 3 
1.604398e-01 9.594093e-01 2.354049e-01 9.799628e-01 5 3 
1.681977e-01 9.632967e-01 2.431078e-01 9.792758e-01 5 3 
1.779631e-01 9.647402e-01 3.026744e-01 9.791486e-01 5 3 
1.400123e-01 9.724202e-01 2.860598e-01 9.821192e-01 5 3 
1.762846e-01 9.658020e-01 3.250232e-01 9.788815e-01 5 3 
1.509607e-01 9.676331e-01 2.784771e-01 9.802545e-01 5 3 
1.682014e-01 9.547073e-01 2.299496e-01 9.764444e-01 5 3 
1.834328e-01 9.574300e-01 2.304081e-01 9.760673e-01 5 3 
1.908584e-01 9.556922e-01 2.842887e-01 9.727748e-01 5 3 
1.826373e-01 9.595635e-01 2.842466e-01 9.779093e-01 5 3 
1.548115e-01 9.731281e-01 3.894027e-01 9.773767e-01 5 3 
